% Exp     F_O2        F_NO3        F_SO4        F_NH4        F_H2S        F_PO4          zox     zNO3     zSO4
  1 -5.373474e-05 -3.190364e-05 -8.572690e-05 1.057413e-05 7.937706e-05 9.983084e-09  0.05995  0.57839 100.00000
  2 -7.167592e-06 -1.099066e-06 -7.285183e-06 1.963733e-07 9.353427e-07 4.982117e-10  0.42511 13.59084 100.00000
  3 -2.312759e-05 -6.977507e-06 -1.518652e-05 1.028992e-06 8.836682e-06 1.845640e-09  0.13320  2.62248 100.00000
  4 -2.741205e-05 -6.441678e-06 -2.268724e-05 3.149200e-06 1.633740e-05 1.496431e-09  0.11161  2.68295 100.00000
  5 -1.115751e-04 -6.841084e-05 -1.974815e-04 2.605180e-05 1.911317e-04 1.532124e-08  0.02906  0.26350 100.00000
  6 -3.119439e-06 -1.130971e-06 -7.700396e-06 1.650936e-07 1.350556e-06 5.961854e-10  0.99402 15.22822 100.00000
  7 -2.146275e-04 -1.815063e-04 -6.209681e-04 8.257112e-05 6.146183e-04 6.109798e-08  0.01650  0.09649 100.00000
  8 -2.883051e-05 -4.555230e-06 -3.119128e-05 2.643081e-06 2.484144e-05 1.120971e-09  0.10590  2.89134 100.00000
  9 -5.644553e-07 -3.434569e-07 -6.387983e-06 2.569425e-09 3.814263e-08 3.269311e-10  5.70032 53.24093 100.00000
 10 -1.696312e-04 -1.573298e-04 -4.251643e-04 5.648760e-05 4.188144e-04 3.120092e-08  0.02252  0.10947 100.00000
 11 -2.831298e-06 -7.970365e-07 -7.280769e-06 6.104865e-08 9.309292e-07 3.185365e-10  1.08729 20.05715 100.00000
 12 -4.185128e-05 -1.784333e-05 -4.077490e-05 4.671529e-06 3.442506e-05 2.199612e-09  0.07488  1.05947 100.00000
 13 -6.264526e-06 -1.881215e-06 -9.833108e-06 3.494815e-07 3.483268e-06 3.741654e-10  0.49158  9.02996 100.00000
 14 -3.325650e-05 -1.225727e-05 -4.138731e-05 3.969249e-06 3.503747e-05 3.882263e-09  0.09362  1.35468 100.00000
 15 -3.076688e-06 -7.003906e-07 -6.616060e-06 7.823408e-09 2.662204e-07 1.509735e-10  0.99523 22.78149 100.00000
 16 -8.322187e-05 -5.887128e-05 -1.334521e-04 1.880122e-05 1.271023e-04 1.323444e-08  0.03986  0.31662 100.00000
 17 -1.488183e-05 -4.306871e-06 -2.093076e-05 1.755973e-06 1.458092e-05 5.342370e-10  0.20700  3.77229 100.00000
 18 -9.852397e-06 -1.225809e-06 -9.049434e-06 2.002120e-07 2.699594e-06 8.304994e-10  0.30915 10.31768 100.00000
 19 -2.148187e-05 -2.646126e-06 -2.459355e-05 1.977859e-06 1.824371e-05 2.503434e-09  0.14190  4.39350 100.00000
 20 -2.022206e-06 -6.370826e-07 -6.881247e-06 -4.885373e-09 5.314072e-07 2.929525e-10  1.52698 25.75544 100.00000
 21 -3.670502e-05 -1.257943e-05 -4.300935e-05 5.639131e-06 3.665951e-05 1.262665e-09  0.08412  1.43973 100.00000
 22 -3.852042e-05 -1.762474e-05 -5.168262e-05 4.545559e-06 4.533278e-05 5.738096e-09  0.08210  0.97383 100.00000
 23 -4.517846e-06 -9.362575e-07 -7.147124e-06 1.306411e-07 7.972839e-07 5.818970e-10  0.67666 16.86828 100.00000
 24 -1.454673e-05 -1.810976e-06 -1.122928e-05 5.577830e-07 4.879435e-06 1.326292e-10  0.20934  7.17056 100.00000
 25 -4.865353e-05 -2.826675e-05 -6.883488e-05 6.582643e-06 6.248504e-05 1.204570e-08  0.06652  0.64891 100.00000
 26 -3.846172e-05 -1.546856e-05 -3.813935e-05 3.800296e-06 3.178951e-05 3.965997e-09  0.08124  1.18925 100.00000
 27 -7.672055e-06 -1.522046e-06 -9.248067e-06 5.125022e-07 2.898227e-06 5.311615e-10  0.39793 10.76951 100.00000
 28 -2.156010e-05 -5.447786e-06 -2.031612e-05 2.361706e-06 1.396628e-05 7.696960e-10  0.14203  3.25576 100.00000
 29 -2.048463e-05 -3.406026e-06 -1.793061e-05 1.859110e-06 1.158077e-05 4.084854e-10  0.14892  4.31778 100.00000
 30 -5.866795e-05 -2.864020e-05 -6.410483e-05 6.699957e-06 5.775499e-05 7.003914e-09  0.05392  0.64370 100.00000
 31 -2.240063e-05 -6.726939e-06 -2.140682e-05 1.631105e-06 1.505698e-05 1.408528e-09  0.13764  2.48760 100.00000
 32 -1.667523e-05 -2.384591e-06 -1.319448e-05 7.317920e-07 6.844638e-06 3.950751e-10  0.18279  5.70309 100.00000
 33 -1.893094e-05 -2.749560e-06 -2.125399e-05 1.667943e-06 1.490415e-05 9.219504e-10  0.16105  4.88762 100.00000
 34 -8.920753e-06 -2.282642e-06 -7.597443e-06 1.232040e-07 1.247603e-06 5.242476e-10  0.34419  7.29224 100.00000
 35 -1.376083e-04 -1.098052e-04 -3.121721e-04 4.061430e-05 3.058223e-04 6.348928e-08  0.02513  0.16219 100.00000
 36 -3.176779e-05 -1.246751e-05 -4.245681e-05 5.293098e-06 3.610697e-05 5.073682e-09  0.09780  1.44856 100.00000
 37 -9.840806e-06 -2.120908e-06 -1.219027e-05 7.070016e-07 5.840431e-06 6.352209e-10  0.31102  7.29699 100.00000
 38 -3.088714e-05 -1.327379e-05 -5.106857e-05 5.706455e-06 4.471873e-05 1.331605e-09  0.10115  1.35129 100.00000
 39 -1.339599e-04 -1.119344e-04 -2.594251e-04 3.113898e-05 2.530752e-04 4.141498e-08  0.02677  0.15708 100.00000
 40 -7.839703e-05 -5.196195e-05 -9.806718e-05 1.307820e-05 9.171734e-05 1.124127e-08  0.04211  0.35836 100.00000
 41 -2.930304e-06 -1.218695e-06 -7.664227e-06 1.284805e-07 1.314387e-06 2.839026e-10  1.06582 14.35421 100.00000
 42 -3.330950e-05 -1.005401e-05 -4.098632e-05 3.526060e-06 3.463648e-05 2.010986e-09  0.09257  1.65163 100.00000
 43 -9.385777e-05 -6.030063e-05 -1.688429e-04 2.295655e-05 1.624930e-04 1.469696e-08  0.03481  0.29971 100.00000
 44 -1.307398e-04 -1.001084e-04 -2.570240e-04 3.420813e-05 2.506742e-04 2.994589e-08  0.02618  0.17787 100.00000
 45 -5.125101e-06 -1.251997e-06 -8.581910e-06 2.812612e-07 2.232070e-06 3.488163e-10  0.59864 12.51024 100.00000
 46 -6.537959e-05 -3.732888e-05 -7.620616e-05 9.300674e-06 6.985632e-05 5.151200e-09  0.04927  0.49518 100.00000
 47 -1.428747e-05 -5.077250e-06 -1.497017e-05 7.867062e-07 8.620326e-06 7.060757e-10  0.21723  3.39465 100.00000
 48 -1.329744e-04 -1.067817e-04 -3.859537e-04 4.777045e-05 3.796038e-04 9.933768e-08  0.02620  0.16278 100.00000
 49 -2.653325e-05 -8.293114e-06 -2.440791e-05 3.019599e-06 1.805807e-05 1.780320e-09  0.11602  2.17526 100.00000
 50 -5.611735e-05 -2.911931e-05 -8.680391e-05 8.335198e-06 8.045407e-05 8.372335e-09  0.05712  0.58433 100.00000
 51 -2.555132e-05 -6.375823e-06 -2.424366e-05 1.720101e-06 1.789382e-05 1.964239e-09  0.12021  2.45408 100.00000
 52 -9.367812e-06 -3.654005e-06 -1.008835e-05 5.439338e-07 3.738509e-06 1.646340e-09  0.33169  5.11754 100.00000
 53 -3.252368e-06 -6.862941e-07 -6.521857e-06 -2.389755e-09 1.720165e-07 1.827068e-10  0.94045 22.82262 100.00000
 54 -3.140254e-06 -7.790177e-07 -7.207603e-06 -6.132190e-11 8.577627e-07 2.236644e-10  0.97767 19.97718 100.00000
 55 -2.279813e-06 -7.491652e-07 -7.021655e-06 2.701123e-08 6.718150e-07 1.593073e-10  1.35432 22.87193 100.00000
 56 -2.423043e-05 -9.562704e-06 -2.217905e-05 2.335433e-06 1.582921e-05 3.479962e-09  0.12842  1.91985 100.00000
 57 -3.242371e-05 -4.928770e-06 -3.287490e-05 3.086062e-06 2.652506e-05 3.164563e-09  0.09412  2.65415 100.00000
 58 -1.529995e-05 -5.117471e-06 -1.711113e-05 1.537207e-06 1.076129e-05 6.808005e-10  0.20211  3.34882 100.00000
 59 -3.731511e-05 -1.905883e-05 -5.494723e-05 6.577903e-06 4.859739e-05 3.600805e-09  0.08508  0.94211 100.00000
 60 -1.903370e-05 -1.947609e-06 -1.361998e-05 7.380378e-07 7.270137e-06 4.211645e-10  0.15985  6.10160 100.00000
 61 -1.865927e-05 -4.612091e-06 -1.358641e-05 1.430068e-06 7.236570e-06 6.145429e-10  0.16407  3.83199 100.00000
 62 -8.417614e-05 -4.752559e-05 -1.617159e-04 1.912732e-05 1.553661e-04 3.039490e-08  0.03827  0.36486 100.00000
 63 -6.638754e-06 -1.258050e-06 -8.791645e-06 2.579811e-07 2.441805e-06 3.004393e-10  0.45989 12.43743 100.00000
 64 -3.431305e-06 -1.123668e-06 -6.896611e-06 1.084181e-07 5.467706e-07 4.672607e-11  0.89848 16.07729 100.00000
 65 -2.655703e-05 -5.796647e-06 -3.129926e-05 3.635320e-06 2.494942e-05 1.593294e-09  0.11511  2.88029 100.00000
 66 -3.103472e-05 -1.110148e-05 -2.962575e-05 2.605932e-06 2.327591e-05 1.357145e-09  0.09998  1.69717 100.00000
 67 -1.210903e-05 -1.808136e-06 -9.663254e-06 6.551628e-07 3.313414e-06 3.946407e-10  0.25154  8.35784 100.00000
 68 -1.264540e-05 -1.965422e-06 -1.137025e-05 5.367494e-07 5.020411e-06 5.112903e-10  0.24101  7.56824 100.00000
 69 -8.324312e-06 -1.093009e-06 -7.430950e-06 9.701885e-08 1.081110e-06 1.033653e-09  0.36570 12.95096 100.00000
 70 -2.187835e-05 -2.939403e-06 -1.979882e-05 1.171962e-06 1.344898e-05 6.882345e-10  0.13926  4.50900 100.00000
 71 -1.379979e-04 -1.180922e-04 -4.063655e-04 5.194627e-05 4.000157e-04 6.029474e-08  0.02601  0.14648 100.00000
 72 -7.400267e-05 -4.501604e-05 -1.408376e-04 1.790429e-05 1.344878e-04 1.177345e-08  0.04368  0.40416 100.00000
 73 -1.861209e-05 -2.221308e-06 -1.597549e-05 1.527603e-06 9.625654e-06 7.703849e-10  0.16353  5.90314 100.00000
 74 -6.196884e-06 -1.359436e-06 -9.603482e-06 3.201566e-07 3.253642e-06 3.583051e-10  0.49363 11.82345 100.00000
 75 -3.712247e-05 -1.476361e-05 -4.625103e-05 4.280669e-06 3.990119e-05 5.118106e-09  0.08419  1.14921 100.00000
 76 -2.422653e-06 -6.795312e-07 -6.559270e-06 1.957041e-08 2.094300e-07 4.187253e-11  1.26794 25.23277 100.00000
 77 -5.599936e-05 -3.339208e-05 -1.154142e-04 1.460226e-05 1.090644e-04 8.371911e-09  0.05760  0.53979 100.00000
 78 -6.382899e-05 -3.712107e-05 -1.036477e-04 1.041413e-05 9.729791e-05 3.022014e-08  0.05083  0.47049 100.00000
 79 -2.856667e-07 -2.377883e-07 -6.373184e-06 -5.775227e-10 2.334383e-08 1.229247e-10 12.10462 74.84576 100.00000
 80 -2.411890e-04 -2.061169e-04 -7.007110e-04 9.087360e-05 6.943611e-04 5.417942e-08  0.01498  0.08281 100.00000
 81 -2.059931e-05 -3.896041e-06 -1.980661e-05 1.526321e-06 1.345677e-05 1.358303e-09  0.14831  3.88566 100.00000
 82 -8.882251e-06 -1.246111e-06 -9.840579e-06 2.959022e-07 3.490739e-06 2.472671e-10  0.34322 10.48624 100.00000
 83 -9.668883e-05 -5.644999e-05 -1.440005e-04 1.774671e-05 1.376507e-04 1.712684e-08  0.03333  0.32094 100.00000
 84 -2.338377e-04 -1.976042e-04 -7.092673e-04 9.220319e-05 7.029175e-04 7.983361e-08  0.01527  0.08705 100.00000
 85 -1.897176e-05 -3.016252e-06 -1.871032e-05 9.520902e-07 1.236048e-05 2.944780e-10  0.16086  4.54056 100.00000
 86 -4.669178e-05 -2.281886e-05 -6.075858e-05 6.619266e-06 5.440874e-05 3.924012e-09  0.06792  0.77571 100.00000
 87 -4.129628e-05 -1.550405e-05 -4.163844e-05 5.232430e-06 3.528860e-05 1.893330e-09  0.07511  1.17018 100.00000
 88 -6.257456e-05 -3.082078e-05 -1.036670e-04 1.298923e-05 9.731717e-05 1.157938e-08  0.05048  0.58217 100.00000
 89 -1.382927e-05 -3.935149e-06 -1.238218e-05 6.096671e-07 6.032342e-06 1.236189e-09  0.22297  4.39625 100.00000
 90 -1.366195e-04 -1.133286e-04 -2.283480e-04 2.964215e-05 2.219981e-04 6.665865e-08  0.02607  0.15889 100.00000
 91 -1.252148e-04 -9.202648e-05 -2.770189e-04 3.560578e-05 2.706691e-04 4.372711e-08  0.02694  0.19298 100.00000
 92 -1.571003e-05 -5.054044e-06 -1.302178e-05 1.020113e-06 6.671943e-06 1.590668e-09  0.19617  3.59712 100.00000
 93 -1.042692e-05 -3.373742e-06 -1.030862e-05 4.301899e-07 3.958781e-06 1.407545e-09  0.29627  5.14110 100.00000
 94 -2.541303e-06 -8.101263e-07 -7.002662e-06 9.332174e-08 6.528224e-07 5.682336e-10  1.21288 21.39861 100.00000
 95 -5.250193e-05 -3.375220e-05 -7.519394e-05 7.766972e-06 6.884410e-05 7.479508e-09  0.06304  0.55811 100.00000
 96 -2.065807e-04 -1.810207e-04 -6.783570e-04 8.563288e-05 6.720071e-04 7.325430e-08  0.01778  0.09344 100.00000
 97 -1.083054e-05 -1.439865e-06 -9.284358e-06 3.398848e-07 2.934518e-06 1.351422e-10  0.28104 10.06967 100.00000
 98 -1.037467e-04 -7.608697e-05 -2.078702e-04 2.538109e-05 2.015204e-04 2.199635e-08  0.03251  0.23518 100.00000
 99 -1.182714e-05 -1.808416e-06 -1.305754e-05 8.328996e-07 6.707700e-06 5.364582e-10  0.25769  8.03260 100.00000
100 -9.900216e-05 -6.059293e-05 -2.004801e-04 2.563678e-05 1.941303e-04 1.613493e-08  0.03286  0.29007 100.00000
101 -6.277594e-05 -3.728160e-05 -9.733145e-05 1.139173e-05 9.098161e-05 7.217340e-09  0.05148  0.48748 100.00000
102 -9.186702e-06 -1.298842e-06 -8.089669e-06 1.999358e-07 1.739829e-06 2.226970e-10  0.33151 11.19580 100.00000
103 -7.488254e-05 -3.947405e-05 -1.213402e-04 1.531674e-05 1.149903e-04 1.276752e-08  0.04258  0.44674 100.00000
104 -5.000407e-05 -2.092439e-05 -8.026903e-05 7.408349e-06 7.391919e-05 5.700481e-09  0.06261  0.81872 100.00000
105 -8.806548e-07 -4.033691e-07 -6.374070e-06 4.614735e-10 2.422983e-08 2.325106e-10  3.55887 44.64299 100.00000
106 -3.287193e-05 -7.913643e-06 -3.674671e-05 4.247030e-06 3.039687e-05 1.088530e-09  0.09317  2.11638 100.00000
107 -2.099712e-05 -5.323075e-06 -2.673880e-05 2.338439e-06 2.038896e-05 1.874699e-09  0.14631  2.92778 100.00000
108 -7.888194e-05 -4.809013e-05 -1.053229e-04 1.340461e-05 9.897309e-05 6.501759e-09  0.04124  0.37733 100.00000
109 -1.140279e-05 -2.758783e-06 -1.300401e-05 3.973444e-07 6.654165e-06 3.173883e-10  0.26902  5.73940 100.00000
110 -5.417888e-06 -1.981050e-06 -8.767243e-06 7.968310e-08 2.417403e-06 3.862419e-11  0.57368  8.65834 100.00000
111 -3.382614e-05 -1.376651e-05 -3.734721e-05 3.014085e-06 3.099737e-05 6.936487e-09  0.09232  1.29677 100.00000
112 -2.154073e-05 -7.729311e-06 -1.928348e-05 2.042197e-06 1.293364e-05 1.840825e-09  0.14380  2.32214 100.00000
113 -1.819322e-04 -1.682484e-04 -5.009010e-04 6.694135e-05 4.945512e-04 3.868037e-08  0.02077  0.10249 100.00000
114 -3.413380e-06 -7.452964e-07 -6.502577e-06 1.148144e-08 1.527366e-07 7.474191e-11  0.89584 22.05097 100.00000
115 -2.642297e-06 -8.640576e-07 -6.726915e-06 5.931211e-08 3.770751e-07 1.995647e-10  1.16679 20.78095 100.00000
116 -2.460137e-05 -1.106640e-05 -2.979286e-05 3.267032e-06 2.344302e-05 6.230049e-09  0.12729  1.67311 100.00000
117 -3.768901e-05 -1.234675e-05 -4.486512e-05 4.144939e-06 3.851528e-05 1.043954e-08  0.08214  1.33379 100.00000
118 -1.241005e-05 -2.076391e-06 -1.455446e-05 9.711283e-07 8.204623e-06 4.499242e-10  0.24576  7.20129 100.00000
119 -4.510184e-05 -1.633169e-05 -4.525674e-05 5.027375e-06 3.890690e-05 5.235770e-09  0.06872  1.09134 100.00000
120 -2.483598e-05 -6.154942e-06 -2.090256e-05 1.777585e-06 1.455272e-05 5.275906e-10  0.12349  2.66322 100.00000
121 -4.133104e-05 -1.819488e-05 -5.452726e-05 6.524820e-06 4.817742e-05 2.857639e-09  0.07569  1.00379 100.00000
122 -6.541218e-05 -4.257898e-05 -9.252649e-05 9.145724e-06 8.617665e-05 1.705195e-08  0.05095  0.42650 100.00000
123 -5.459013e-05 -2.798405e-05 -8.487766e-05 8.525195e-06 7.852782e-05 1.684941e-08  0.05824  0.63549 100.00000
124 -7.593222e-06 -1.482737e-06 -7.573482e-06 3.606679e-07 1.223642e-06 3.224718e-10  0.40175 11.56358 100.00000
125 -5.058835e-05 -2.618774e-05 -6.918567e-05 6.193259e-06 6.283583e-05 7.634885e-09  0.06340  0.66433 100.00000
126 -4.405909e-06 -8.087440e-07 -6.575630e-06 5.841888e-08 2.257900e-07 3.721329e-10  0.69306 18.67669 100.00000
127 -7.205395e-05 -3.867647e-05 -1.128185e-04 1.242456e-05 1.064686e-04 1.181873e-08  0.04434  0.46002 100.00000
128 -6.786698e-05 -3.999559e-05 -8.411714e-05 1.112653e-05 7.776730e-05 8.667827e-09  0.04740  0.47160 100.00000
129 -3.413986e-05 -1.101528e-05 -4.668210e-05 5.436320e-06 4.033226e-05 7.486993e-09  0.09044  1.54242 100.00000
130 -1.203369e-05 -2.270006e-06 -1.594010e-05 1.107953e-06 9.590263e-06 6.984333e-10  0.25375  6.79784 100.00000
131 -1.453313e-05 -2.073951e-06 -1.098733e-05 5.913872e-07 4.637486e-06 2.735796e-10  0.20960  6.92540 100.00000
132 -3.707479e-06 -8.540144e-07 -7.096939e-06 7.427915e-08 7.470994e-07 2.432405e-10  0.82609 18.65986 100.00000
133 -5.249939e-05 -3.241065e-05 -6.646200e-05 7.855537e-06 6.011216e-05 7.357888e-09  0.06219  0.58771 100.00000
134 -2.840558e-05 -9.676407e-06 -2.850598e-05 2.590475e-06 2.215614e-05 1.410845e-09  0.10896  1.78615 100.00000
135 -2.747708e-06 -7.748362e-07 -6.495176e-06 8.729574e-08 1.453360e-07 1.721893e-10  1.11726 22.71102 100.00000
136 -1.591065e-04 -1.209809e-04 -3.966633e-04 5.297895e-05 3.903134e-04 3.694437e-08  0.02135  0.14702 100.00000
137 -4.100574e-05 -1.535353e-05 -3.724430e-05 3.556766e-06 3.089446e-05 3.133067e-09  0.07595  1.16366 100.00000
138 -6.269975e-05 -4.341505e-05 -9.729658e-05 1.086090e-05 9.094674e-05 1.348132e-08  0.05318  0.42350 100.00000
139 -4.529720e-05 -2.024427e-05 -4.557855e-05 5.163774e-06 3.922871e-05 3.954136e-09  0.06930  0.92026 100.00000
140 -2.967712e-05 -7.808668e-06 -2.445075e-05 2.854636e-06 1.810091e-05 1.905661e-09  0.10338  2.19558 100.00000
141 -1.489893e-04 -1.199982e-04 -3.947714e-04 4.696870e-05 3.884216e-04 5.709350e-08  0.02371  0.14177 100.00000
142 -1.465537e-04 -1.340342e-04 -3.351060e-04 4.210986e-05 3.287561e-04 3.963011e-08  0.02590  0.12925 100.00000
143 -1.609368e-06 -5.936263e-07 -6.684579e-06 8.123384e-09 3.347393e-07 4.086898e-10  1.92643 29.29490 100.00000
144 -2.009245e-06 -6.168729e-07 -6.360451e-06 2.058593e-08 1.061112e-08 2.562081e-10  1.53102 28.92959 100.00000
145 -7.981764e-06 -1.252010e-06 -7.386432e-06 3.144915e-07 1.036592e-06 5.781465e-10  0.38177 12.14020 100.00000
146 -1.569772e-05 -1.699570e-06 -1.517017e-05 6.361288e-07 8.820326e-06 5.527548e-10  0.19391  6.94264 100.00000
147 -4.079747e-05 -1.759089e-05 -5.457266e-05 7.015002e-06 4.822282e-05 7.938610e-09  0.07667  1.01747 100.00000
148 -1.107339e-06 -4.581631e-07 -6.415935e-06 2.816252e-09 6.609455e-08 7.117827e-10  2.81462 38.63787 100.00000
149 -4.243858e-05 -1.754887e-05 -3.925696e-05 4.894711e-06 3.290712e-05 3.642724e-09  0.07341  1.06746 100.00000
150 -2.492357e-05 -9.827927e-06 -2.723048e-05 2.034466e-06 2.088064e-05 2.088425e-09  0.12513  1.79365 100.00000
151 -2.394925e-05 -1.031910e-05 -3.015655e-05 2.303588e-06 2.380671e-05 1.482711e-09  0.13099  1.79782 100.00000
152 -1.680152e-04 -1.286483e-04 -3.824214e-04 4.900712e-05 3.760716e-04 1.109708e-07  0.02036  0.13712 100.00000
153 -1.012483e-04 -5.752887e-05 -1.970595e-04 2.340452e-05 1.907097e-04 1.937658e-08  0.03190  0.29823 100.00000
154 -5.242351e-07 -3.170413e-07 -6.366029e-06 -3.947207e-10 1.618911e-08 -7.602146e-11  6.12624 58.21418 100.00000
155 -5.028908e-05 -2.477706e-05 -5.720853e-05 7.247518e-06 5.085869e-05 5.662697e-09  0.06280  0.75132 100.00000
156 -4.513661e-05 -2.430753e-05 -6.731769e-05 8.301883e-06 6.096785e-05 7.663733e-09  0.07046  0.76250 100.00000
157 -2.193330e-05 -9.962141e-06 -2.735942e-05 2.266339e-06 2.100958e-05 1.500084e-09  0.14342  1.85734 100.00000
158 -1.732587e-04 -1.379498e-04 -4.291323e-04 5.598029e-05 4.227824e-04 2.901328e-08  0.02001  0.12734 100.00000
159 -1.152239e-04 -8.335867e-05 -2.529028e-04 3.140592e-05 2.465530e-04 2.010496e-08  0.02922  0.21177 100.00000
160 -4.263727e-05 -1.611601e-05 -4.183797e-05 4.239901e-06 3.548813e-05 4.049686e-09  0.07297  1.08833 100.00000
161 -1.932565e-07 -1.892771e-07 -6.353533e-06 1.436447e-09 3.692888e-09     NaN 19.44874 92.77974 100.00000
162 -5.828422e-06 -1.367232e-06 -1.002318e-05 3.982561e-07 3.673338e-06 4.776336e-10  0.52545 11.81401 100.00000
163 -2.702422e-05 -1.275290e-05 -3.436071e-05 3.341851e-06 2.801087e-05 2.395928e-09  0.11688  1.43424 100.00000
164 -4.501927e-07 -3.118271e-07 -6.391544e-06 5.015391e-10 4.170420e-08 1.047780e-10  7.30145 58.72755 100.00000
165 -1.474744e-06 -5.980266e-07 -6.555789e-06 3.089382e-08 2.059490e-07 4.806363e-10  2.11011 29.89321 100.00000
166 -1.393984e-05 -2.541389e-06 -1.222509e-05 5.423878e-07 5.875250e-06 5.270576e-10  0.21902  5.99126 100.00000
167 -1.937188e-05 -5.414569e-06 -1.472587e-05 1.587940e-06 8.376034e-06 1.729972e-09  0.15848  3.28057 100.00000
168 -6.952206e-06 -1.348478e-06 -8.472789e-06 3.549907e-07 2.122949e-06 2.675401e-10  0.43898 12.20275 100.00000
169 -4.616151e-05 -2.061159e-05 -4.714457e-05 5.902266e-06 4.079473e-05 5.629296e-09  0.06784  0.90661 100.00000
170 -1.642888e-04 -1.285518e-04 -3.751986e-04 4.879707e-05 3.688487e-04 3.046003e-08  0.02104  0.13625 100.00000
171 -6.888651e-05 -4.867673e-05 -1.164919e-04 1.298814e-05 1.101420e-04 2.381541e-08  0.04889  0.36715 100.00000
172 -3.751028e-06 -9.579801e-07 -8.195054e-06 1.293118e-07 1.845214e-06 1.898113e-11  0.81883 16.30397 100.00000
173 -1.377681e-05 -2.085656e-06 -1.264858e-05 1.063090e-06 6.298739e-06 1.176296e-09  0.22109  7.30537 100.00000
174 -3.180545e-05 -1.267480e-05 -4.237973e-05 5.028104e-06 3.602989e-05 2.864918e-09  0.09800  1.37758 100.00000
175 -2.094391e-05 -7.596340e-06 -1.914300e-05 1.737642e-06 1.279316e-05 2.766607e-09  0.14820  2.31681 100.00000
176 -1.978938e-04 -1.628598e-04 -5.146443e-04 6.967097e-05 5.082945e-04 5.448220e-08  0.01769  0.10820 100.00000
177 -1.691059e-05 -1.996047e-06 -1.492083e-05 1.018159e-06 8.570989e-06 2.166510e-10  0.18004  6.29743 100.00000
178 -5.356068e-06 -8.541563e-07 -7.362592e-06 6.256122e-08 1.012752e-06 3.880155e-11  0.56984 15.88807 100.00000
179 -2.542927e-05 -4.964662e-06 -2.317075e-05 2.972497e-06 1.682091e-05 3.817232e-10  0.11997  3.44041 100.00000
180 -1.123985e-05 -2.168454e-06 -8.772427e-06 3.295165e-07 2.422587e-06 1.869209e-10  0.27193  6.99722 100.00000
181 -2.976601e-06 -7.801878e-07 -6.902638e-06 4.967920e-08 5.527982e-07 8.117691e-11  1.03215 20.53090 100.00000
182 -7.800385e-06 -1.192960e-06 -7.394473e-06 9.927219e-08 1.044633e-06 4.101531e-10  0.39054 12.78384 100.00000
183 -1.788964e-06 -6.103332e-07 -6.686910e-06 3.752457e-09 3.370700e-07 3.471486e-10  1.72852 28.06892 100.00000
184 -4.037157e-05 -2.088774e-05 -7.263162e-05 8.721915e-06 6.628178e-05 9.549066e-09  0.07854  0.86639 100.00000
185 -8.214283e-05 -6.897706e-05 -1.492977e-04 1.798557e-05 1.429479e-04 2.857747e-08  0.04393  0.26024 100.00000
186 -9.340628e-05 -6.214036e-05 -1.536726e-04 2.086025e-05 1.473228e-04 3.049404e-08  0.03513  0.29592 100.00000
187 -9.823663e-07 -4.708539e-07 -6.453873e-06 1.502903e-08 1.040335e-07 8.516307e-11  3.20088 38.21158 100.00000
188 -4.891380e-06 -1.374884e-06 -9.292330e-06 3.520508e-07 2.942490e-06 1.578088e-10  0.62835 12.19662 100.00000
189 -1.045230e-04 -7.936645e-05 -1.655341e-04 1.813692e-05 1.591842e-04 2.464814e-08  0.03338  0.22410 100.00000
190 -3.443106e-05 -1.521078e-05 -3.419082e-05 4.073477e-06 2.784098e-05 2.675056e-09  0.09089  1.24231 100.00000
191 -1.229088e-04 -9.177753e-05 -2.505252e-04 3.139875e-05 2.441754e-04 6.009422e-08  0.02758  0.19449 100.00000
192 -7.900741e-06 -1.323445e-06 -8.649148e-06 3.370158e-07 2.299308e-06 3.323059e-10  0.38592 11.58743 100.00000
193 -1.012464e-04 -6.129626e-05 -1.690828e-04 2.283144e-05 1.627329e-04 1.331322e-08  0.03197  0.29433 100.00000
194 -6.454163e-07 -3.935430e-07 -6.388562e-06 1.500451e-08 3.872220e-08 -3.574416e-11  4.96896 47.41109 100.00000
195 -9.394736e-05 -7.784710e-05 -1.764289e-04 2.061598e-05 1.700791e-04 1.423859e-08  0.03817  0.22721 100.00000
196 -1.792689e-05 -3.935622e-06 -2.515226e-05 2.435361e-06 1.880242e-05 1.265686e-09  0.17065  4.07887 100.00000
197 -4.034330e-05 -1.218161e-05 -4.678099e-05 6.115616e-06 4.043115e-05 1.546262e-09  0.07635  1.40178 100.00000
198 -1.811668e-04 -1.491215e-04 -5.132120e-04 6.397111e-05 5.068622e-04 4.828389e-08  0.01952  0.11537 100.00000
199 -1.656446e-04 -1.345198e-04 -3.337182e-04 4.408450e-05 3.273684e-04 2.755605e-08  0.02109  0.13239 100.00000
200 -1.026585e-04 -7.663731e-05 -2.028287e-04 2.624395e-05 1.964788e-04 1.886815e-08  0.03296  0.23488 100.00000
