% Exp     F_O2        F_NO3        F_SO4        F_NH4        F_H2S        F_PO4          zox     zNO3     zSO4
  1 -7.836038e-05 -3.239676e-05 -2.001098e-04 2.566734e-05 1.937601e-04 2.083288e-08  0.03938  0.54967 100.00000
  2 -7.184040e-06 -1.095265e-06 -7.288350e-06 1.953287e-07 9.387370e-07 5.115066e-10  0.42020 13.51874 100.00000
  3 -2.785532e-05 -7.066883e-06 -2.013989e-05 1.661937e-06 1.379028e-05 2.714074e-09  0.10901  2.41118 100.00000
  4 -2.982999e-05 -6.405445e-06 -2.621048e-05 3.708663e-06 1.986087e-05 1.648461e-09  0.10146  2.62188 100.00000
  5 -1.688284e-04 -6.881672e-05 -5.519765e-04 7.312131e-05 5.456268e-04 2.950812e-08  0.01829  0.25249 100.00000
  6 -3.182033e-06 -1.133130e-06 -7.739335e-06 1.688983e-07 1.389722e-06 6.284869e-10  0.96444 14.97329 100.00000
  7 -3.027032e-04 -1.929255e-04 -1.775688e-03 2.345787e-04 1.769339e-03 1.454376e-07  0.01063  0.09210 100.00000
  8 -3.065261e-05 -4.422988e-06 -3.452793e-05 3.023597e-06 2.817831e-05 1.256314e-09  0.09860  2.84026 100.00000
  9 -5.649142e-07 -3.360679e-07 -6.388169e-06 2.466528e-09 3.855604e-08 3.435737e-10  5.63945 52.20539 100.00000
 10 -2.241732e-04 -1.705698e-04 -1.209197e-03 1.586317e-04 1.202847e-03 6.984208e-08  0.01497  0.10235 100.00000
 11 -2.839954e-06 -7.893643e-07 -7.283653e-06 6.029831e-08 9.340405e-07 3.368865e-10  1.07373 19.85285 100.00000
 12 -5.459340e-05 -1.823514e-05 -7.116658e-05 8.824318e-06 6.481697e-05 3.918167e-09  0.05608  0.96047 100.00000
 13 -6.490763e-06 -1.891524e-06 -1.003375e-05 3.690397e-07 3.684140e-06 3.965550e-10  0.46950  8.84552 100.00000
 14 -4.222311e-05 -1.173175e-05 -6.460675e-05 6.780006e-06 5.825714e-05 5.939009e-09  0.07230  1.29901 100.00000
 15 -3.079249e-06 -6.914069e-07 -6.614507e-06 6.926937e-09 2.648945e-07 1.629228e-10  0.98513 22.54089 100.00000
 16 -1.215578e-04 -6.183153e-05 -3.551889e-04 4.934709e-05 3.488393e-04 2.926180e-08  0.02569  0.29868 100.00000
 17 -1.595187e-05 -4.282434e-06 -2.287181e-05 1.990183e-06 1.652220e-05 6.193544e-10  0.19091  3.68469 100.00000
 18 -9.950126e-06 -1.222231e-06 -9.103088e-06 2.028849e-07 2.753475e-06 8.479466e-10  0.30325 10.23828 100.00000
 19 -2.211501e-05 -2.599428e-06 -2.566670e-05 2.095109e-06 1.931709e-05 2.627583e-09  0.13651  4.34025 100.00000
 20 -2.025868e-06 -6.280254e-07 -6.882432e-06 -5.657578e-09 5.328198e-07 3.090119e-10  1.50981 25.43077 100.00000
 21 -4.378805e-05 -1.250562e-05 -6.036466e-05 8.093831e-06 5.401505e-05 1.542551e-09  0.06947  1.39690 100.00000
 22 -5.335485e-05 -1.689243e-05 -9.919308e-05 1.007966e-05 9.284347e-05 1.054668e-08  0.05751  0.91589 100.00000
 23 -4.524917e-06 -9.297920e-07 -7.146767e-06 1.295679e-07 7.971544e-07 6.141684e-10  0.66930 16.74655 100.00000
 24 -1.486111e-05 -1.798975e-06 -1.146469e-05 5.825001e-07 5.115081e-06 1.461954e-10  0.20297  7.08153 100.00000
 25 -6.766618e-05 -2.892155e-05 -1.431917e-04 1.546184e-05 1.368421e-04 2.347988e-08  0.04584  0.59860 100.00000
 26 -5.039274e-05 -1.554850e-05 -6.560070e-05 7.341834e-06 5.925108e-05 7.029404e-09  0.06064  1.08808 100.00000
 27 -7.723065e-06 -1.522182e-06 -9.280495e-06 5.152960e-07 2.930883e-06 5.510177e-10  0.39160 10.70666 100.00000
 28 -2.318360e-05 -5.447447e-06 -2.264303e-05 2.707261e-06 1.629341e-05 8.860679e-10  0.13067  3.18295 100.00000
 29 -2.136732e-05 -3.372985e-06 -1.903152e-05 2.013217e-06 1.268191e-05 4.417830e-10  0.14137  4.24657 100.00000
 30 -8.340075e-05 -2.874057e-05 -1.419020e-04 1.650381e-05 1.355524e-04 1.233104e-08  0.03675  0.60075 100.00000
 31 -2.582894e-05 -6.622675e-06 -2.661058e-05 2.242210e-06 2.026097e-05 1.817113e-09  0.11775  2.39315 100.00000
 32 -1.727704e-05 -2.359950e-06 -1.373210e-05 7.905326e-07 7.382488e-06 4.289598e-10  0.17472  5.60677 100.00000
 33 -1.944210e-05 -2.724735e-06 -2.204529e-05 1.754784e-06 1.569568e-05 9.703541e-10  0.15531  4.82918 100.00000
 34 -9.632879e-06 -2.307583e-06 -7.853003e-06 1.522833e-07 1.503391e-06 5.574693e-10  0.31520  6.92363 100.00000
 35 -1.975489e-04 -1.158651e-04 -8.773432e-04 1.145787e-04 8.709936e-04 1.492234e-07  0.01610  0.15392 100.00000
 36 -3.846269e-05 -1.241616e-05 -6.053597e-05 7.791460e-06 5.418635e-05 7.080187e-09  0.07939  1.40102 100.00000
 37 -1.012816e-05 -2.118423e-06 -1.248669e-05 7.403588e-07 6.137073e-06 6.723643e-10  0.29922  7.18485 100.00000
 38 -3.762676e-05 -1.322650e-05 -7.334288e-05 8.548890e-06 6.699327e-05 1.664033e-09  0.08143  1.30798 100.00000
 39 -1.847396e-04 -1.203426e-04 -7.189536e-04 8.916472e-05 7.126039e-04 9.645268e-08  0.01757  0.14558 100.00000
 40 -1.107558e-04 -5.434793e-05 -2.424899e-04 3.275555e-05 2.361403e-04 2.313501e-08  0.02822  0.32972 100.00000
 41 -3.025713e-06 -1.229566e-06 -7.728531e-06 1.341570e-07 1.378918e-06 3.036439e-10  1.02054 13.99320 100.00000
 42 -3.913533e-05 -9.800630e-06 -5.470659e-05 5.087162e-06 4.835698e-05 2.384460e-09  0.07768  1.60176 100.00000
 43 -1.408182e-04 -6.093182e-05 -4.622377e-04 6.245941e-05 4.558881e-04 3.309451e-08  0.02200  0.28651 100.00000
 44 -1.882976e-04 -1.044362e-04 -7.215955e-04 9.581276e-05 7.152459e-04 7.042161e-08  0.01682  0.16814 100.00000
 45 -5.192762e-06 -1.251465e-06 -8.625119e-06 2.850931e-07 2.275506e-06 3.701579e-10  0.58515 12.38152 100.00000
 46 -9.301480e-05 -3.804567e-05 -1.783374e-04 2.289332e-05 1.719878e-04 9.170649e-09  0.03323  0.45910 100.00000
 47 -1.647718e-05 -5.086271e-06 -1.773975e-05 1.081076e-06 1.139014e-05 8.974104e-10  0.18549  3.21142 100.00000
 48 -1.914313e-04 -1.108474e-04 -1.075462e-03 1.356416e-04 1.069113e-03 2.325891e-07  0.01665  0.15578 100.00000
 49 -3.040431e-05 -8.278831e-06 -3.077105e-05 3.965887e-06 2.442144e-05 2.269307e-09  0.09993  2.10598 100.00000
 50 -8.180483e-05 -2.759669e-05 -1.991293e-04 2.162865e-05 1.927797e-04 1.740779e-08  0.03765  0.55369 100.00000
 51 -2.890581e-05 -6.200045e-06 -2.950266e-05 2.300591e-06 2.315305e-05 2.442715e-09  0.10496  2.37655 100.00000
 52 -1.046757e-05 -3.762422e-06 -1.099622e-05 6.740528e-07 4.646607e-06 1.965953e-09  0.29259  4.78029 100.00000
 53 -3.254445e-06 -6.771985e-07 -6.519912e-06 -3.320679e-09 1.702995e-07 1.947642e-10  0.93110 22.58324 100.00000
 54 -3.157109e-06 -7.716045e-07 -7.213346e-06 -1.029491e-09 8.637338e-07 2.404482e-10  0.96324 19.74823 100.00000
 55 -2.288297e-06 -7.413282e-07 -7.024658e-06 2.636113e-08 6.750459e-07 1.721926e-10  1.33645 22.59205 100.00000
 56 -3.030114e-05 -9.611741e-06 -3.239425e-05 3.780285e-06 2.604464e-05 5.190953e-09  0.10076  1.80564 100.00000
 57 -3.460779e-05 -4.767439e-06 -3.684528e-05 3.563008e-06 3.049567e-05 3.542496e-09  0.08729  2.60718 100.00000
 58 -1.702078e-05 -5.106697e-06 -1.960186e-05 1.877849e-06 1.325224e-05 7.832226e-10  0.17928  3.23413 100.00000
 59 -5.145747e-05 -1.885601e-05 -1.057000e-04 1.333516e-05 9.935036e-05 5.596940e-09  0.05975  0.89681 100.00000
 60 -1.944485e-05 -1.927042e-06 -1.399018e-05 7.755704e-07 7.640565e-06 4.423576e-10  0.15500  6.03030 100.00000
 61 -2.018398e-05 -4.617220e-06 -1.503570e-05 1.664395e-06 8.686083e-06 6.820418e-10  0.15005  3.72588 100.00000
 62 -1.272152e-04 -4.580414e-05 -4.234080e-04 5.231080e-05 4.170583e-04 6.629926e-08  0.02421  0.35091 100.00000
 63 -6.665012e-06 -1.255889e-06 -8.805639e-06 2.575009e-07 2.456027e-06 3.065425e-10  0.45380 12.37155 100.00000
 64 -3.518074e-06 -1.128447e-06 -6.919193e-06 1.119033e-07 5.695802e-07 5.748817e-11  0.86741 15.73822 100.00000
 65 -2.816556e-05 -5.762555e-06 -3.449842e-05 4.067756e-06 2.814880e-05 1.729082e-09  0.10742  2.83203 100.00000
 66 -3.853937e-05 -1.138770e-05 -4.392473e-05 4.403245e-06 3.757511e-05 2.275257e-09  0.07910  1.53141 100.00000
 67 -1.228609e-05 -1.806300e-06 -9.775706e-06 6.701862e-07 3.426094e-06 4.100473e-10  0.24558  8.27736 100.00000
 68 -1.290626e-05 -1.961440e-06 -1.157913e-05 5.574519e-07 5.229514e-06 5.360458e-10  0.23390  7.47694 100.00000
 69 -8.348481e-06 -1.089692e-06 -7.437725e-06 9.586991e-08 1.088113e-06 1.053917e-09  0.36125 12.88271 100.00000
 70 -2.269197e-05 -2.898771e-06 -2.084935e-05 1.276754e-06 1.449974e-05 7.293499e-10  0.13298  4.44084 100.00000
 71 -1.933197e-04 -1.240727e-04 -1.134669e-03 1.457986e-04 1.128319e-03 1.305558e-07  0.01674  0.13957 100.00000
 72 -1.109719e-04 -4.536910e-05 -3.616151e-04 4.682707e-05 3.552654e-04 2.640526e-08  0.02780  0.38806 100.00000
 73 -1.890044e-05 -2.209226e-06 -1.631574e-05 1.569953e-06 9.966127e-06 7.965547e-10  0.15953  5.85114 100.00000
 74 -6.232687e-06 -1.358476e-06 -9.630063e-06 3.207325e-07 3.280451e-06 3.719404e-10  0.48618 11.75466 100.00000
 75 -4.939042e-05 -1.411341e-05 -8.048870e-05 8.348407e-06 7.413908e-05 8.524549e-09  0.06184  1.09612 100.00000
 76 -2.425239e-06 -6.705152e-07 -6.557989e-06 1.890119e-08 2.083766e-07 5.247535e-11  1.25471 24.93199 100.00000
 77 -8.157019e-05 -3.335180e-05 -2.654953e-04 3.426073e-05 2.591457e-04 1.738917e-08  0.03785  0.51942 100.00000
 78 -9.357055e-05 -3.638558e-05 -2.503152e-04 2.801343e-05 2.439656e-04 6.503542e-08  0.03307  0.44488 100.00000
 79 -2.852650e-07 -2.320424e-07 -6.374317e-06 -6.706213e-10 2.470432e-08 1.344692e-10 11.90536 73.23395 100.00000
 80 -3.339875e-04 -2.176752e-04 -2.006565e-03 2.611646e-04 2.000216e-03 1.194602e-07  0.00973  0.07879 100.00000
 81 -2.177906e-05 -3.852339e-06 -2.141276e-05 1.713829e-06 1.506315e-05 1.492506e-09  0.13886  3.80894 100.00000
 82 -8.942862e-06 -1.243614e-06 -9.882524e-06 2.974128e-07 3.532912e-06 2.589980e-10  0.33770 10.42360 100.00000
 83 -1.451161e-04 -5.678357e-05 -3.897673e-04 4.977750e-05 3.834176e-04 3.895494e-08  0.02123  0.30553 100.00000
 84 -3.273468e-04 -2.084866e-04 -2.024365e-03 2.638300e-04 2.018016e-03 1.977689e-07  0.00987  0.08311 100.00000
 85 -1.984474e-05 -2.972168e-06 -1.983962e-05 1.057772e-06 1.349001e-05 3.261282e-10  0.15227  4.45871 100.00000
 86 -6.630971e-05 -2.220603e-05 -1.286649e-04 1.528484e-05 1.223153e-04 7.754730e-09  0.04628  0.73204 100.00000
 87 -5.374889e-05 -1.530378e-05 -7.118045e-05 9.338907e-06 6.483083e-05 2.489486e-09  0.05662  1.12195 100.00000
 88 -9.057605e-05 -3.019447e-05 -2.331958e-04 2.998090e-05 2.268462e-04 2.203149e-08  0.03379  0.56123 100.00000
 89 -1.557207e-05 -4.066476e-06 -1.400509e-05 8.026782e-07 7.655475e-06 1.522809e-09  0.19546  3.95172 100.00000
 90 -1.888921e-04 -1.231502e-04 -6.425728e-04 8.358405e-05 6.362231e-04 1.553138e-07  0.01713  0.14549 100.00000
 91 -1.839782e-04 -9.488961e-05 -7.756026e-04 1.006552e-04 7.692530e-04 1.030663e-07  0.01708  0.18413 100.00000
 92 -1.766494e-05 -5.096593e-06 -1.494464e-05 1.294967e-06 8.595027e-06 1.924771e-09  0.17223  3.44439 100.00000
 93 -1.152255e-05 -3.406712e-06 -1.117018e-05 5.308757e-07 4.820571e-06 1.642060e-09  0.26468  4.88646 100.00000
 94 -2.544605e-06 -8.020067e-07 -7.002378e-06 9.263975e-08 6.527655e-07 5.954861e-10  1.19990 21.18460 100.00000
 95 -6.992976e-05 -3.593735e-05 -1.491766e-04 1.673339e-05 1.428270e-04 1.340659e-08  0.04501  0.49506 100.00000
 96 -2.828942e-04 -1.908291e-04 -1.915473e-03 2.444296e-04 1.909123e-03 1.768395e-07  0.01159  0.08907 100.00000
 97 -1.088422e-05 -1.438614e-06 -9.317394e-06 3.409714e-07 2.967782e-06 1.413871e-10  0.27705 10.01895 100.00000
 98 -1.515020e-04 -7.901417e-05 -5.664829e-04 7.133550e-05 5.601332e-04 4.567613e-08  0.02075  0.22302 100.00000
 99 -1.192372e-05 -1.805922e-06 -1.316261e-05 8.418121e-07 6.812999e-06 5.543043e-10  0.25321  7.98230 100.00000
100 -1.499374e-04 -5.959024e-05 -5.485157e-04 7.108816e-05 5.421661e-04 3.793617e-08  0.02062  0.27892 100.00000
101 -9.221112e-05 -3.755535e-05 -2.371622e-04 2.935594e-05 2.308126e-04 1.544420e-08  0.03350  0.46192 100.00000
102 -9.261320e-06 -1.297353e-06 -8.120589e-06 2.014844e-07 1.770977e-06 2.378040e-10  0.32577 11.11677 100.00000
103 -1.122264e-04 -3.817961e-05 -3.078703e-04 3.983235e-05 3.015206e-04 2.806537e-08  0.02734  0.42892 100.00000
104 -6.825388e-05 -2.004793e-05 -1.509035e-04 1.551223e-05 1.445538e-04 8.961308e-09  0.04475  0.78905 100.00000
105 -8.813126e-07 -3.950291e-07 -6.373446e-06 2.332267e-10 2.383387e-08 2.460433e-10  3.52217 43.85060 100.00000
106 -3.610674e-05 -7.818357e-06 -4.348671e-05 5.146693e-06 3.713710e-05 1.274915e-09  0.08388  2.07204 100.00000
107 -2.278737e-05 -5.240310e-06 -3.020275e-05 2.749020e-06 2.385314e-05 2.167297e-09  0.13329  2.86049 100.00000
108 -1.149915e-04 -4.863641e-05 -2.695743e-04 3.530691e-05 2.632247e-04 1.273226e-08  0.02695  0.35409 100.00000
109 -1.207740e-05 -2.751171e-06 -1.371367e-05 4.528795e-07 7.364057e-06 3.588829e-10  0.25130  5.58965 100.00000
110 -5.802058e-06 -2.023035e-06 -9.051251e-06 9.458656e-08 2.701638e-06 5.870772e-11  0.52895  8.22263 100.00000
111 -4.498083e-05 -1.356383e-05 -6.399566e-05 6.071087e-06 5.764605e-05 1.169256e-08  0.06788  1.22211 100.00000
112 -2.561100e-05 -7.726968e-06 -2.526154e-05 2.913921e-06 1.891193e-05 2.485758e-09  0.11905  2.21360 100.00000
113 -2.428443e-04 -1.817882e-04 -1.424112e-03 1.877792e-04 1.417762e-03 8.817623e-08  0.01373  0.09656 100.00000
114 -3.416541e-06 -7.366114e-07 -6.500561e-06 1.056276e-08 1.509488e-07 8.136770e-11  0.88668 21.82559 100.00000
115 -2.676344e-06 -8.602159e-07 -6.733497e-06 5.980961e-08 3.838847e-07 2.141452e-10  1.14067 20.43863 100.00000
116 -3.076824e-05 -1.117599e-05 -4.397671e-05 5.191298e-06 3.762710e-05 9.144240e-09  0.09962  1.59288 100.00000
117 -4.695031e-05 -1.181066e-05 -6.806101e-05 6.884375e-06 6.171140e-05 1.524271e-08  0.06483  1.28569 100.00000
118 -1.257730e-05 -2.073102e-06 -1.475775e-05 9.912273e-07 8.408134e-06 4.688395e-10  0.24020  7.14088 100.00000
119 -5.965293e-05 -1.594081e-05 -8.042760e-05 9.607018e-06 7.407799e-05 8.638863e-09  0.05098  1.04555 100.00000
120 -2.778275e-05 -6.057173e-06 -2.493214e-05 2.281138e-06 1.858252e-05 6.330601e-10  0.10911  2.58188 100.00000
121 -5.518647e-05 -1.808338e-05 -9.786953e-05 1.227470e-05 9.151992e-05 4.026949e-09  0.05537  0.96322 100.00000
122 -8.946882e-05 -4.446677e-05 -2.034910e-04 2.230897e-05 1.971414e-04 3.301606e-08  0.03520  0.38342 100.00000
123 -7.937617e-05 -2.742594e-05 -1.902290e-04 2.120163e-05 1.838794e-04 3.400296e-08  0.03866  0.60626 100.00000
124 -7.677406e-06 -1.484230e-06 -7.602588e-06 3.652112e-07 1.252976e-06 3.362534e-10  0.39361 11.46289 100.00000
125 -7.122439e-05 -2.551482e-05 -1.462116e-04 1.516002e-05 1.398620e-04 1.479710e-08  0.04333  0.61748 100.00000
126 -4.415672e-06 -8.011555e-07 -6.574331e-06 5.750553e-08 2.247181e-07 3.901604e-10  0.68508 18.51060 100.00000
127 -1.075375e-04 -3.794796e-05 -2.816226e-04 3.346061e-05 2.752730e-04 2.575313e-08  0.02856  0.43946 100.00000
128 -9.861102e-05 -4.127275e-05 -2.070032e-04 2.795694e-05 2.006536e-04 1.815394e-08  0.03128  0.44267 100.00000
129 -3.978997e-05 -1.081048e-05 -6.190650e-05 7.439695e-06 5.555689e-05 9.707884e-09  0.07650  1.50113 100.00000
130 -1.222922e-05 -2.267146e-06 -1.621335e-05 1.135727e-06 9.863733e-06 7.283920e-10  0.24731  6.73469 100.00000
131 -1.490748e-05 -2.065151e-06 -1.125830e-05 6.224367e-07 4.908685e-06 2.916051e-10  0.20240  6.82797 100.00000
132 -3.715466e-06 -8.466893e-07 -7.097440e-06 7.335252e-08 7.478276e-07 2.584250e-10  0.81660 18.49601 100.00000
133 -7.085402e-05 -3.421799e-05 -1.353049e-04 1.690658e-05 1.289553e-04 1.340444e-08  0.04407  0.52895 100.00000
134 -3.459792e-05 -9.500772e-06 -4.023404e-05 4.035752e-06 3.388443e-05 1.941600e-09  0.08802  1.71069 100.00000
135 -2.751578e-06 -7.664206e-07 -6.493185e-06 8.678152e-08 1.435726e-07 1.881115e-10  1.10523 22.46538 100.00000
136 -2.330657e-04 -1.258105e-04 -1.130546e-03 1.499806e-04 1.124196e-03 8.635266e-08  0.01352  0.14079 100.00000
137 -5.451186e-05 -1.508716e-05 -6.654973e-05 7.271329e-06 6.020012e-05 5.364228e-09  0.05593  1.07378 100.00000
138 -8.847391e-05 -4.548183e-05 -2.291567e-04 2.740889e-05 2.228071e-04 2.784350e-08  0.03549  0.39210 100.00000
139 -6.220618e-05 -2.033989e-05 -8.986100e-05 1.109263e-05 8.351138e-05 7.021392e-09  0.04916  0.85565 100.00000
140 -3.367452e-05 -7.712462e-06 -3.052930e-05 3.724444e-06 2.417968e-05 2.384444e-09  0.09002  2.13035 100.00000
141 -2.106498e-04 -1.239632e-04 -1.101907e-03 1.358771e-04 1.095558e-03 1.388478e-07  0.01525  0.13477 100.00000
142 -1.942773e-04 -1.463611e-04 -9.404985e-04 1.191285e-04 9.341488e-04 8.695960e-08  0.01723  0.11987 100.00000
143 -1.610231e-06 -5.843993e-07 -6.684637e-06 7.571642e-09 3.350244e-07 4.290302e-10  1.90720 28.90292 100.00000
144 -2.010882e-06 -6.077392e-07 -6.358512e-06 2.012175e-08 8.899409e-09 2.719306e-10  1.51543 28.54269 100.00000
145 -8.030627e-06 -1.250142e-06 -7.400998e-06 3.157802e-07 1.051386e-06 5.943898e-10  0.37591 12.06216 100.00000
146 -1.589373e-05 -1.689214e-06 -1.539262e-05 6.524144e-07 9.043007e-06 5.720499e-10  0.18972  6.88636 100.00000
147 -5.397017e-05 -1.730023e-05 -9.621708e-05 1.273821e-05 8.986746e-05 1.267874e-08  0.05663  0.97806 100.00000
148 -1.107935e-06 -4.492792e-07 -6.415371e-06 2.515560e-09 6.575890e-08 7.413241e-10  2.78636 38.00865 100.00000
149 -5.785311e-05 -1.757090e-05 -7.519436e-05 9.937740e-06 6.884475e-05 6.219951e-09  0.05267  1.01013 100.00000
150 -3.147814e-05 -9.731318e-06 -4.038737e-05 3.523326e-06 3.403776e-05 3.165844e-09  0.09709  1.68986 100.00000
151 -3.011623e-05 -1.056767e-05 -4.433408e-05 3.936539e-06 3.798447e-05 2.392686e-09  0.10187  1.63763 100.00000
152 -2.434049e-04 -1.343554e-04 -1.089317e-03 1.411821e-04 1.082967e-03 2.494974e-07  0.01300  0.13052 100.00000
153 -1.539038e-04 -5.508558e-05 -5.356787e-04 6.638250e-05 5.293291e-04 3.997789e-08  0.02003  0.28689 100.00000
154 -5.245969e-07 -3.099831e-07 -6.365887e-06 -5.269610e-10 1.627484e-08 -7.308881e-11  6.06180 57.05177 100.00000
155 -7.153665e-05 -2.487764e-05 -1.246121e-04 1.651773e-05 1.182625e-04 1.123060e-08  0.04281  0.70831 100.00000
156 -6.409199e-05 -2.453157e-05 -1.420202e-04 1.826430e-05 1.356706e-04 1.489684e-08  0.04794  0.72684 100.00000
157 -2.775593e-05 -1.016642e-05 -4.041302e-05 3.844106e-06 3.406341e-05 2.360632e-09  0.11068  1.70995 100.00000
158 -2.486348e-04 -1.445887e-04 -1.222508e-03 1.598738e-04 1.216158e-03 6.950515e-08  0.01280  0.12131 100.00000
159 -1.695429e-04 -8.535926e-05 -7.005725e-04 8.901375e-05 6.942229e-04 4.757959e-08  0.01852  0.20199 100.00000
160 -5.785495e-05 -1.554556e-05 -7.807927e-05 8.827608e-06 7.172966e-05 7.034220e-09  0.05264  1.03239 100.00000
161 -1.921969e-07 -1.851349e-07 -6.354383e-06 1.465520e-09 4.769986e-09 5.020323e-08 18.90020 90.60959 100.00000
162 -5.849721e-06 -1.365879e-06 -1.004042e-05 3.978666e-07 3.690812e-06 4.981734e-10  0.51862 11.75920 100.00000
163 -3.532059e-05 -1.287560e-05 -5.607101e-05 6.113843e-06 4.972140e-05 4.099679e-09  0.08705  1.32544 100.00000
164 -4.510037e-07 -3.051819e-07 -6.392356e-06 3.952566e-10 4.274389e-08 1.139912e-10  7.21358 57.48701 100.00000
165 -1.480068e-06 -5.897634e-07 -6.556315e-06 3.069888e-08 2.067022e-07 5.036533e-10  2.08224 29.43109 100.00000
166 -1.453935e-05 -2.529605e-06 -1.273878e-05 5.943512e-07 6.389167e-06 5.694373e-10  0.20792  5.87091 100.00000
167 -2.146532e-05 -5.418051e-06 -1.693954e-05 1.941455e-06 1.058993e-05 2.043962e-09  0.14136  3.17279 100.00000
168 -6.977026e-06 -1.346809e-06 -8.484250e-06 3.547645e-07 2.134638e-06 2.792888e-10  0.43333 12.14245 100.00000
169 -6.445237e-05 -2.064172e-05 -9.657419e-05 1.275025e-05 9.022457e-05 1.046917e-08  0.04736  0.85679 100.00000
170 -2.358291e-04 -1.339263e-04 -1.067775e-03 1.395158e-04 1.061425e-03 6.296676e-08  0.01348  0.12943 100.00000
171 -9.794340e-05 -5.017786e-05 -2.861399e-04 3.410468e-05 2.797903e-04 5.098702e-08  0.03217  0.34211 100.00000
172 -3.757930e-06 -9.519648e-07 -8.197866e-06 1.280760e-07 1.848254e-06 2.827406e-11  0.80965 16.19151 100.00000
173 -1.394187e-05 -2.083183e-06 -1.281009e-05 1.082665e-06 6.460479e-06 1.203452e-09  0.21643  7.24765 100.00000
174 -3.950662e-05 -1.245376e-05 -6.353724e-05 7.876664e-06 5.718763e-05 4.236761e-09  0.07738  1.32711 100.00000
175 -2.531540e-05 -7.554944e-06 -2.562788e-05 2.611626e-06 1.927827e-05 3.877063e-09  0.12054  2.18980 100.00000
176 -2.816417e-04 -1.721104e-04 -1.477487e-03 1.974991e-04 1.471138e-03 1.326694e-07  0.01136  0.10312 100.00000
177 -1.720596e-05 -1.982264e-06 -1.524091e-05 1.052142e-06 8.891301e-06 2.300686e-10  0.17528  6.23513 100.00000
178 -5.368630e-06 -8.479012e-07 -7.364667e-06 6.131394e-08 1.015054e-06 4.351817e-11  0.56321 15.77693 100.00000
179 -2.669150e-05 -4.951426e-06 -2.507836e-05 3.256429e-06 1.872875e-05 4.128704e-10  0.11317  3.38505 100.00000
180 -1.181789e-05 -2.159743e-06 -9.066009e-06 3.666986e-07 2.716396e-06 2.062227e-10  0.25602  6.81280 100.00000
181 -2.994181e-06 -7.728759e-07 -6.906207e-06 4.925536e-08 5.565949e-07 9.087608e-11  1.01634 20.28211 100.00000
182 -7.859049e-06 -1.190737e-06 -7.411357e-06 9.941843e-08 1.061744e-06 4.193386e-10  0.38401 12.68561 100.00000
183 -1.792095e-06 -6.013234e-07 -6.687370e-06 3.154596e-09 3.377572e-07 3.692736e-10  1.70916 27.68753 100.00000
184 -5.459714e-05 -2.082720e-05 -1.340503e-04 1.670954e-05 1.277007e-04 1.652711e-08  0.05633  0.83372 100.00000
185 -1.105559e-04 -7.467060e-05 -3.747317e-04 4.639866e-05 3.683821e-04 6.116929e-08  0.02957  0.23647 100.00000
186 -1.386428e-04 -6.411416e-05 -4.182954e-04 5.660216e-05 4.119458e-04 6.582773e-08  0.02240  0.28105 100.00000
187 -9.837561e-07 -4.623486e-07 -6.453874e-06 1.486831e-08 1.042614e-07 9.371779e-11  3.16548 37.56966 100.00000
188 -4.941690e-06 -1.375525e-06 -9.334207e-06 3.552535e-07 2.984594e-06 1.692304e-10  0.61596 12.09412 100.00000
189 -1.446365e-04 -8.447321e-05 -4.322488e-04 5.063901e-05 4.258992e-04 5.346767e-08  0.02219  0.20270 100.00000
190 -4.608377e-05 -1.540864e-05 -6.099154e-05 7.845882e-06 5.464192e-05 4.671582e-09  0.06631  1.16293 100.00000
191 -1.788570e-04 -9.569623e-05 -6.963735e-04 8.910708e-05 6.900239e-04 1.425325e-07  0.01762  0.18447 100.00000
192 -7.934997e-06 -1.321962e-06 -8.666526e-06 3.372084e-07 2.316913e-06 3.437278e-10  0.38067 11.52879 100.00000
193 -1.528017e-04 -6.141696e-05 -4.675995e-04 6.296059e-05 4.612499e-04 2.833873e-08  0.02020  0.28159 100.00000
194 -6.455931e-07 -3.858255e-07 -6.388323e-06 1.502334e-08 3.871084e-08 -3.127798e-11  4.91899 46.54872 100.00000
195 -1.282084e-04 -8.334669e-05 -4.586060e-04 5.578328e-05 4.522564e-04 2.930127e-08  0.02536  0.20886 100.00000
196 -1.864127e-05 -3.920062e-06 -2.655396e-05 2.608544e-06 2.020435e-05 1.334880e-09  0.16248  4.01998 100.00000
197 -4.771901e-05 -1.190856e-05 -6.500159e-05 8.664440e-06 5.865198e-05 1.931308e-09  0.06365  1.36331 100.00000
198 -2.560426e-04 -1.561497e-04 -1.450716e-03 1.841757e-04 1.444366e-03 1.169783e-07  0.01255  0.10999 100.00000
199 -2.345035e-04 -1.435344e-04 -9.542892e-04 1.259448e-04 9.479396e-04 6.176277e-08  0.01364  0.12455 100.00000
200 -1.494435e-04 -7.987771e-05 -5.551136e-04 7.249120e-05 5.487640e-04 4.349534e-08  0.02107  0.22257 100.00000
