% Exp     F_O2        F_NO3        F_SO4        F_NH4        F_H2S        F_PO4          zox     zNO3     zSO4
  1 -6.537084e-07 1.335968e-08 -6.349840e-06 6.524475e-09 -2.035999e-24 1.188387e-11 13.77305 100.00000 100.00000
  2 -1.170835e-05 -6.454655e-06 -8.113484e-06 3.165522e-07 1.763644e-06 5.885617e-10  0.27412  3.05648 100.00000
  3 -3.043729e-07 2.004200e-08 -6.349840e-06 3.138775e-09 -7.461209e-25 6.925034e+04 100.00000 100.00000 100.00000
  4 -3.773786e-07 2.707741e-08 -6.349840e-06 3.897282e-09 -7.461209e-25 6.925034e+04 100.00000 100.00000 100.00000
  5 -2.418074e-06 -1.728147e-06 -6.354907e-06 1.114461e-08 5.066552e-09 6.474617e-11  1.56892 28.78221 100.00000
  6 -1.945690e-07 9.460440e-09 -6.349840e-06 1.997948e-09 -3.730605e-25 6.925034e+04 100.00000 100.00000 100.00000
  7 -6.614545e-07 1.123552e-08 -6.349840e-06 6.584295e-09 -2.037945e-24 1.193405e-11 12.99629 100.00000 100.00000
  8 -3.706515e-05 -1.531208e-05 -3.073279e-05 3.514810e-06 2.438295e-05 3.233725e-09  0.08417  1.19297 100.00000
  9 -3.773158e-06 -2.674191e-06 -6.419068e-06 2.723779e-08 6.922818e-08 1.272179e-10  0.93056  8.21098 100.00000
 10 -2.296114e-05 -1.060379e-05 -1.481017e-05 1.300762e-06 8.460329e-06 1.545744e-09  0.13696  1.77464 100.00000
 11 -3.658559e-05 -1.515614e-05 -3.005154e-05 3.421412e-06 2.370170e-05 3.167463e-09  0.08529  1.20616 100.00000
 12 -4.556346e-07 2.426624e-08 -6.349840e-06 4.653440e-09 9.292031e-25 -1.261017e-07 60.86834 100.00000 100.00000
 13 -1.860666e-07 8.641089e-09 -6.349840e-06 1.909611e-09 -3.730605e-25 6.925034e+04 100.00000 100.00000 100.00000
 14 -2.013195e-07 1.011098e-08 -6.349840e-06 2.068084e-09 -1.021722e-24 6.925034e+04 100.00000 100.00000 100.00000
 15 -3.539717e-05 -1.476878e-05 -2.840592e-05 3.195473e-06 2.205608e-05 3.005944e-09  0.08819  1.24020 100.00000
 16 -1.571143e-06 -8.504625e-07 -6.349873e-06 8.931978e-09 3.335630e-11 2.958582e-11  2.72903 92.48359 100.00000
 17 -2.609695e-06 -1.899896e-06 -6.359023e-06 1.230755e-08 9.183472e-09 7.337043e-11  1.43054 13.92221 100.00000
 18 -2.206151e-06 -1.512595e-06 -6.352515e-06 1.038506e-08 2.675161e-09 5.535546e-11  1.75653 44.26893 100.00000
 19 -7.436169e-07 -4.296233e-08 -6.349840e-06 6.972273e-09 -4.815844e-24 1.256694e-11  9.28626 100.00000 100.00000
 20 -2.990437e-06 -2.170287e-06 -6.373803e-06 1.633609e-08 2.396260e-08 9.074035e-11  1.21691 10.25584 100.00000
 21 -7.572133e-06 -4.674591e-06 -6.936589e-06 1.249408e-07 5.867487e-07 3.256126e-10  0.43370  4.37281 100.00000
 22 -2.667547e-06 -1.944026e-06 -6.360865e-06 1.282957e-08 1.102480e-08 7.599206e-11  1.39340 12.61819 100.00000
 23 -1.995916e-06 -1.292828e-06 -6.351078e-06 9.816751e-09 1.237533e-09 4.629071e-11  1.99235 58.83073 100.00000
 24 -7.702555e-07 -6.423468e-08 -6.349840e-06 7.069266e-09 -4.813060e-24 1.278836e-11  8.63660 100.00000 100.00000
 25 -1.778047e-05 -8.768143e-06 -1.107769e-05 7.624933e-07 4.727846e-06 1.061751e-09  0.17796  2.18338 100.00000
 26 -2.712836e-05 -1.202781e-05 -1.863209e-05 1.840460e-06 1.228225e-05 1.988216e-09  0.11555  1.54781 100.00000
 27 -1.231279e-06 -4.881730e-07 -6.349840e-06 8.346643e-09 -3.907739e-24 1.946427e-11  3.86029 100.00000 100.00000
 28 -3.466544e-05 -1.452959e-05 -2.742288e-05 3.060265e-06 2.107304e-05 2.908399e-09  0.09008  1.26217 100.00000
 29 -2.045951e-05 -9.728458e-06 -1.286772e-05 1.022560e-06 6.517883e-06 1.302866e-09  0.15411  1.94917 100.00000
 30 -1.393178e-05 -7.330446e-06 -9.025019e-06 4.568988e-07 2.675179e-06 7.499420e-10  0.22885  2.65695 100.00000
 31 -5.893649e-06 -3.857450e-06 -6.644409e-06 7.260055e-08 2.945693e-07 2.330028e-10  0.56773  5.42669 100.00000
 32 -1.532849e-05 -7.861848e-06 -9.699811e-06 5.585772e-07 3.349971e-06 8.583646e-10  0.20733  2.46046 100.00000
 33 -2.689833e-07 1.663158e-08 -6.349840e-06 2.771089e-09 -9.745975e-26 -1.360680e-10 100.00000 100.00000 100.00000
 34 -4.400470e-06 -3.048059e-06 -6.469657e-06 3.824425e-08 1.198167e-07 1.573256e-10  0.78271  7.08769 100.00000
 35 -4.019187e-05 -1.632405e-05 -3.541742e-05 4.155170e-06 2.906758e-05 3.681033e-09  0.07754  1.11382 100.00000
 36 -9.485963e-07 -2.140930e-07 -6.349840e-06 7.664125e-09 -1.255042e-24 1.453930e-11  5.85443 100.00000 100.00000
 37 -4.007751e-07 2.669690e-08 -6.349840e-06 4.126539e-09 -2.097099e-24 1.873276e+04 87.81249 100.00000 100.00000
 38 -8.327640e-07 -1.147865e-07 -6.349840e-06 7.292233e-09 -4.803566e-24 1.333397e-11  7.40821 100.00000 100.00000
 39 -1.375913e-06 -6.416669e-07 -6.349840e-06 8.607282e-09 3.265095e-24 2.327148e-11  3.28300 100.00000 100.00000
 40 -3.840982e-06 -2.715805e-06 -6.423910e-06 2.833000e-08 7.406959e-08 1.304317e-10  0.91195  8.07116 100.00000
 41 -1.120352e-06 -3.759298e-07 -6.349840e-06 8.111109e-09 -3.955416e-24 1.713565e-11  4.45852 100.00000 100.00000
 42 -7.878982e-06 -4.816329e-06 -7.001308e-06 1.360851e-07 6.514679e-07 3.434284e-10  0.41575  4.22930 100.00000
 43 -2.497833e-06 -1.804637e-06 -6.356247e-06 1.152840e-08 6.407036e-09 6.832364e-11  1.50822 21.89518 100.00000
 44 -1.694106e-05 -8.461238e-06 -1.057811e-05 6.890274e-07 4.228274e-06 9.902586e-10  0.18703  2.27016 100.00000
 45 -8.644990e-07 -1.411782e-07 -6.349840e-06 7.400079e-09 -1.108925e-23 1.363330e-11  6.90708 100.00000 100.00000
 46 -1.368040e-05 -7.233415e-06 -8.911986e-06 4.397097e-07 2.562146e-06 7.310042e-10  0.23320  2.69615 100.00000
 47 -1.436509e-05 -7.496666e-06 -9.225875e-06 4.873236e-07 2.876035e-06 7.829995e-10  0.22171  2.59231 100.00000
 48 -8.856200e-07 -1.590761e-07 -6.349840e-06 7.469412e-09 -1.108492e-23 1.384386e-11  6.60908 100.00000 100.00000
 49 -8.260951e-06 -4.990055e-06 -7.086836e-06 1.506408e-07 7.369960e-07 3.659879e-10  0.39538  4.06541 100.00000
 50 -6.494268e-06 -4.158974e-06 -6.737078e-06 8.965850e-08 3.872377e-07 2.652028e-10  0.51121  4.98522 100.00000
 51 -1.139719e-05 -6.328546e-06 -8.001691e-06 2.990077e-07 1.651851e-06 5.670843e-10  0.28193  3.12376 100.00000
 52 -9.504884e-06 -5.537693e-06 -7.403976e-06 2.033138e-07 1.054136e-06 4.423799e-10  0.34097  3.62098 100.00000
 53 -4.448048e-05 -1.770054e-05 -4.252903e-05 5.122182e-06 3.617919e-05 4.337645e-09  0.06998  1.02141 100.00000
 54 -1.028207e-05 -5.867901e-06 -7.632478e-06 2.403345e-07 1.282638e-06 4.923636e-10  0.31396  3.39590 100.00000
 55 -1.880811e-05 -9.139730e-06 -1.172902e-05 8.576365e-07 5.379176e-06 1.151913e-09  0.16799  2.08656 100.00000
 56 -1.436709e-06 -7.082199e-07 -6.349840e-06 8.704257e-09 -2.186452e-23 2.510761e-11  3.08817 100.00000 100.00000
 57 -1.323551e-05 -7.060540e-06 -8.718197e-06 4.101155e-07 2.368357e-06 6.979191e-10  0.24133  2.76884 100.00000
 58 -3.447393e-05 -1.446689e-05 -2.716939e-05 3.025369e-06 2.081955e-05 2.883108e-09  0.09058  1.26806 100.00000
 59 -7.885718e-07 -7.890080e-08 -6.349840e-06 7.135678e-09 -4.810660e-24 1.294362e-11  8.23771 100.00000 100.00000
 60 -2.149396e-06 -1.453536e-06 -6.352055e-06 1.021842e-08 2.214923e-09 5.287794e-11  1.81456 48.18579 100.00000
 61 -4.349624e-05 -1.738568e-05 -4.082662e-05 4.891170e-06 3.447678e-05 4.182545e-09  0.07159  1.04119 100.00000
 62 -4.916435e-06 -3.339020e-06 -6.521238e-06 4.881765e-08 1.713976e-07 1.827974e-10  0.69218  6.39092 100.00000
 63 -2.152544e-07 1.145384e-08 -6.349840e-06 2.212862e-09 -1.021722e-24 6.925034e+04 100.00000 100.00000 100.00000
 64 -3.065437e-05 -1.320781e-05 -2.244228e-05 2.371933e-06 1.609244e-05 2.399497e-09  0.10205  1.39884 100.00000
 65 -2.912581e-07 1.877816e-08 -6.349840e-06 3.002517e-09 -7.461209e-25 6.925034e+04 100.00000 100.00000 100.00000
 66 -3.351565e-05 -1.415261e-05 -2.592465e-05 2.853821e-06 1.957481e-05 2.758057e-09  0.09321  1.29841 100.00000
 67 -1.905847e-06 -1.198333e-06 -6.350657e-06 9.606850e-09 8.170619e-10 4.252425e-11  2.11369 65.28048 100.00000
 68 -1.706714e-05 -8.507544e-06 -1.065129e-05 6.998189e-07 4.301455e-06 1.000873e-09  0.18561  2.25664 100.00000
 69 -1.979195e-05 -9.491630e-06 -1.239372e-05 9.541025e-07 6.043876e-06 1.240945e-09  0.15943  2.00226 100.00000
 70 -3.168047e-06 -2.288621e-06 -6.382401e-06 1.853712e-08 3.256133e-08 9.892669e-11  1.13756  9.70541 100.00000
 71 -3.575236e-07 2.516402e-08 -6.349840e-06 3.690995e-09 -7.461209e-25 -1.360680e-10 100.00000 100.00000 100.00000
 72 -3.375673e-06 -2.423916e-06 -6.393679e-06 2.131197e-08 4.383947e-08 1.085613e-10  1.05693  9.13930 100.00000
 73 -5.509288e-06 -3.658064e-06 -6.591927e-06 6.265958e-08 2.420873e-07 2.129383e-10  0.61095  5.76245 100.00000
 74 -4.526765e-06 -3.120548e-06 -6.481439e-06 4.070554e-08 1.315994e-07 1.634980e-10  0.75844  6.90128 100.00000
 75 -4.083066e-06 -2.861903e-06 -6.442423e-06 3.242167e-08 9.258317e-08 1.419818e-10  0.85116  7.61086 100.00000
 76 -6.629664e-06 -4.225425e-06 -6.759782e-06 9.376078e-08 4.099424e-07 2.726057e-10  0.49999  4.89714 100.00000
 77 -1.781926e-06 -1.068659e-06 -6.350235e-06 9.341225e-09 3.947636e-10 3.750560e-11  2.30665 74.62103 100.00000
 78 -2.545384e-07 1.523956e-08 -6.349840e-06 2.621011e-09 -2.594645e-24 -6.925034e+04 100.00000 100.00000 100.00000
 79 -3.489902e-07 2.434167e-08 -6.349840e-06 3.602335e-09 -7.461209e-25 -1.360680e-10 100.00000 100.00000 100.00000
 80 -3.944423e-05 -1.608278e-05 -3.425892e-05 3.997094e-06 2.790908e-05 3.571665e-09  0.07903  1.13174 100.00000
 81 -9.989460e-07 -2.598303e-07 -6.349840e-06 7.807179e-09 -4.004138e-24 1.518379e-11  5.36353 100.00000 100.00000
 82 -2.634118e-07 1.609467e-08 -6.349840e-06 2.713203e-09 -9.745975e-26 -6.925034e+04 100.00000 100.00000 100.00000
 83 -8.750672e-06 -5.208760e-06 -7.204606e-06 1.704135e-07 8.547657e-07 3.955298e-10  0.37201  3.87583 100.00000
 84 -1.481679e-06 -7.581299e-07 -6.349840e-06 8.771950e-09 -2.183681e-23 2.654544e-11  2.95811 100.00000 100.00000
 85 -1.008596e-05 -5.785345e-06 -7.572597e-06 2.306936e-07 1.222757e-06 4.795881e-10  0.32037  3.44959 100.00000
 86 -1.075538e-05 -6.065171e-06 -7.783204e-06 2.644365e-07 1.433364e-06 5.236474e-10  0.29952  3.27394 100.00000
 87 -2.382142e-07 1.366644e-08 -6.349840e-06 2.451408e-09 -2.594645e-24 -1.360680e-10 100.00000 100.00000 100.00000
 88 -1.270623e-05 -6.852847e-06 -8.498035e-06 3.762833e-07 2.148195e-06 6.592779e-10  0.25177  2.86133 100.00000
 89 -2.242820e-05 -1.041879e-05 -1.437431e-05 1.238623e-06 8.024474e-06 1.492570e-09  0.14029  1.80894 100.00000
 90 -2.816474e-05 -1.237669e-05 -1.969701e-05 1.989542e-06 1.334717e-05 2.105596e-09  0.11122  1.50064 100.00000
 91 -2.627641e-05 -1.173959e-05 -1.779089e-05 1.722349e-06 1.144105e-05 1.893913e-09  0.11936  1.58903 100.00000
 92 -1.924559e-05 -9.296648e-06 -1.201961e-05 8.998811e-07 5.669767e-06 1.191175e-09  0.16407  2.04814 100.00000
 93 -1.556414e-05 -7.950321e-06 -9.821507e-06 5.767661e-07 3.471667e-06 8.771910e-10  0.20409  2.43045 100.00000
 94 -2.190541e-05 -1.023657e-05 -1.395837e-05 1.179179e-06 7.608527e-06 1.441161e-09  0.14371  1.84401 100.00000
 95 -3.948882e-06 -2.781383e-06 -6.431922e-06 3.011638e-08 8.208229e-08 1.355641e-10  0.88382  7.85879 100.00000
 96 -1.867298e-05 -9.091111e-06 -1.164086e-05 8.447979e-07 5.291025e-06 1.139892e-09  0.16923  2.09875 100.00000
 97 -7.528450e-07 -5.033583e-08 -6.349840e-06 7.005836e-09 -4.814983e-24 1.264318e-11  9.05119 100.00000 100.00000
 98 -1.111346e-05 -6.212674e-06 -7.903097e-06 2.834563e-07 1.553257e-06 5.477382e-10  0.28944  3.18815 100.00000
 99 -2.092933e-06 -1.394530e-06 -6.351653e-06 1.006316e-08 1.813196e-09 5.043358e-11  1.87619 52.07582 100.00000
100 -5.609545e-06 -3.710598e-06 -6.605108e-06 6.517927e-08 2.552683e-07 2.181317e-10  0.59905  5.67017 100.00000
101 -4.247707e-05 -1.705901e-05 -3.910797e-05 4.657666e-06 3.275813e-05 4.024710e-09  0.07332  1.06252 100.00000
102 -5.284212e-07 2.120681e-08 -6.349840e-06 5.349864e-09 -5.390747e-25 1.115155e-11 37.63091 100.00000 100.00000
103 -1.614187e-06 -8.946743e-07 -6.349914e-06 9.012427e-09 7.389450e-11 3.112482e-11  2.63083 88.57484 100.00000
104 -2.047230e-07 1.043896e-08 -6.349840e-06 2.103445e-09 -1.021722e-24 6.925034e+04 100.00000 100.00000 100.00000
105 -3.646444e-06 -2.595613e-06 -6.410424e-06 2.526070e-08 6.058408e-08 1.212382e-10  0.96745  8.48604 100.00000
106 -5.064334e-06 -3.420034e-06 -6.537719e-06 5.210139e-08 1.878787e-07 1.902269e-10  0.66996  6.21932 100.00000
107 -5.688203e-07 1.951681e-08 -6.349840e-06 5.735446e-09 -1.964358e-24 1.138609e-11 28.19106 100.00000 100.00000
108 -4.236584e-07 2.565478e-08 -6.349840e-06 4.346566e-09 -2.153266e-24     NaN 75.13090 100.00000 100.00000
109 -2.997550e-05 -1.298209e-05 -2.166746e-05 2.264262e-06 1.531762e-05 2.317687e-09  0.10440  1.42512 100.00000
110 -2.158812e-05 -1.012560e-05 -1.371153e-05 1.143832e-06 7.361689e-06 1.410324e-09  0.14587  1.86602 100.00000
111 -1.232645e-05 -6.702368e-06 -8.346989e-06 3.529267e-07 1.997149e-06 6.320347e-10  0.25983  2.93217 100.00000
112 -3.349990e-07 2.299337e-08 -6.349840e-06 3.456971e-09 -7.461209e-25 -1.385007e+05 100.00000 100.00000 100.00000
113 -2.312159e-07 1.299203e-08 -6.349840e-06 2.378698e-09 -1.021722e-24 1.385007e+05 100.00000 100.00000 100.00000
114 -1.478239e-05 -7.655560e-06 -9.426518e-06 5.175754e-07 3.076678e-06 8.153283e-10  0.21524  2.53330 100.00000
115 -5.941256e-07 1.844950e-08 -6.349840e-06 5.976698e-09 -1.993778e-24 1.153210e-11 23.12872 100.00000 100.00000
116 -2.489471e-05 -1.126914e-05 -1.649210e-05 1.539297e-06 1.014226e-05 1.745168e-09  0.12612  1.66110 100.00000
117 -2.596586e-05 -1.163418e-05 -1.749192e-05 1.680290e-06 1.114208e-05 1.860029e-09  0.12082  1.60464 100.00000
118 -4.091406e-07 2.630909e-08 -6.349840e-06 4.207016e-09 -2.118905e-24 -1.532181e+02 82.88130 100.00000 100.00000
119 -1.813060e-05 -8.895238e-06 -1.129468e-05 7.942662e-07 4.944844e-06 1.092145e-09  0.17443  2.14930 100.00000
120 -1.858996e-06 -1.149236e-06 -6.350477e-06 9.503615e-09 6.372873e-10 4.060203e-11  2.18277 68.73712 100.00000
121 -5.159193e-07 2.172915e-08 -6.349840e-06 5.230422e-09 -5.210936e-25 1.097136e-11 40.96445 100.00000 100.00000
122 -1.214535e-05 -6.630158e-06 -8.276993e-06 3.420588e-07 1.927153e-06 6.191857e-10  0.26386  2.96739 100.00000
123 -4.757522e-07 2.341322e-08 -6.349840e-06 4.846194e-09 -5.395638e-24 -1.360680e-10 53.39580 100.00000 100.00000
124 -3.277319e-06 -2.360227e-06 -6.388170e-06 1.997029e-08 3.833031e-08 1.039884e-10  1.09366  9.40020 100.00000
125 -9.707476e-06 -5.624572e-06 -7.461275e-06 2.126586e-07 1.111435e-06 4.552429e-10  0.33349  3.55901 100.00000
126 -2.909181e-05 -1.268727e-05 -2.068837e-05 2.127927e-06 1.433853e-05 2.213070e-09  0.10762  1.46094 100.00000
127 -2.775403e-05 -1.223865e-05 -1.926952e-05 1.929752e-06 1.291968e-05 2.058730e-09  0.11290  1.51896 100.00000
128 -1.337521e-06 -6.002258e-07 -6.349840e-06 8.542486e-09 -9.341543e-24 2.218068e-11  3.41898 100.00000 100.00000
129 -2.350864e-05 -1.079308e-05 -1.527039e-05 1.366220e-06 8.920552e-06 1.601178e-09  0.13371  1.74083 100.00000
130 -5.112677e-06 -3.446301e-06 -6.543271e-06 5.319915e-08 1.934313e-07 1.926681e-10  0.66301  6.16555 100.00000
131 -6.107732e-06 -3.966249e-06 -6.675940e-06 7.846738e-08 3.261000e-07 2.443609e-10  0.54621  5.25895 100.00000
132 -4.767748e-06 -3.256545e-06 -6.505434e-06 4.562999e-08 1.555944e-07 1.753869e-10  0.71605  6.57504 100.00000
133 -2.872158e-07 1.838861e-08 -6.349840e-06 2.960519e-09 -9.745975e-26 6.925034e+04 100.00000 100.00000 100.00000
134 -6.831300e-06 -4.323432e-06 -6.794843e-06 1.000454e-07 4.450028e-07 2.837289e-10  0.48416  4.77261 100.00000
135 -3.239642e-05 -1.378423e-05 -2.452072e-05 2.659916e-06 1.817088e-05 2.615155e-09  0.09648  1.33583 100.00000
136 -2.397826e-05 -1.095488e-05 -1.567524e-05 1.423680e-06 9.325395e-06 1.649378e-09  0.13104  1.71291 100.00000
137 -1.948842e-06 -1.243433e-06 -6.350845e-06 9.705036e-09 1.005016e-09 4.431143e-11  2.05400 62.17357 100.00000
138 -1.304224e-06 -5.646762e-07 -6.349840e-06 8.483851e-09 -9.361554e-24 2.128031e-11  3.54621 100.00000 100.00000
139 -4.634863e-07 2.393205e-08 -6.349840e-06 4.728698e-09 -2.230116e-24 3.135534e-08 57.83429 100.00000 100.00000
140 -9.173082e-06 -5.394091e-06 -7.313565e-06 1.884734e-07 9.637254e-07 4.215674e-10  0.35396  3.72813 100.00000
141 -1.260882e-06 -5.189825e-07 -6.349840e-06 8.403853e-09 -9.387349e-24 2.017475e-11  3.72646 100.00000 100.00000
142 -2.495342e-07 1.475732e-08 -6.349840e-06 2.569019e-09 -2.594645e-24 -1.360680e-10 100.00000 100.00000 100.00000
143 -8.116127e-06 -4.924526e-06 -7.053757e-06 1.450327e-07 7.039175e-07 3.573846e-10  0.40287  4.12576 100.00000
144 -6.966396e-06 -4.388485e-06 -6.819172e-06 1.043736e-07 4.693317e-07 2.912475e-10  0.47410  4.69328 100.00000
145 -3.569929e-06 -2.547625e-06 -6.405455e-06 2.410679e-08 5.561531e-08 1.176424e-10  0.99117  8.66132 100.00000
146 -1.297017e-05 -6.956703e-06 -8.606416e-06 3.929678e-07 2.256576e-06 6.784493e-10  0.24645  2.81435 100.00000
147 -2.079052e-05 -9.845346e-06 -1.310967e-05 1.057407e-06 6.759834e-06 1.334021e-09  0.15160  1.92396 100.00000
148 -4.189557e-05 -1.687233e-05 -3.814746e-05 4.527033e-06 3.179762e-05 3.935914e-09  0.07435  1.07511 100.00000
149 -1.790759e-06 -1.077878e-06 -6.350259e-06 9.359411e-09 4.193409e-10 3.785593e-11  2.29175 73.93258 100.00000
150 -8.062406e-07 -9.314546e-08 -6.349840e-06 7.199030e-09 -4.808026e-24 1.309663e-11  7.88526 100.00000 100.00000
151 -4.983914e-07 2.246229e-08 -6.349840e-06 5.062850e-09 -5.428090e-24 4.076365e-11 46.03636 100.00000 100.00000
152 -2.335313e-06 -1.645323e-06 -6.353820e-06 1.081550e-08 3.979633e-09 6.105650e-11  1.63725 35.11094 100.00000
153 -1.610874e-05 -8.153587e-06 -1.011145e-05 6.199445e-07 3.761608e-06 9.212858e-10  0.19699  2.36413 100.00000
154 -7.140992e-06 -4.471863e-06 -6.851615e-06 1.101071e-07 5.017747e-07 3.010432e-10  0.46171  4.59528 100.00000
155 -1.164530e-06 -4.199921e-07 -6.349840e-06 8.209195e-09 -3.936709e-24 1.799937e-11  4.19970 100.00000 100.00000
156 -1.657322e-06 -9.391813e-07 -6.349971e-06 9.094389e-09 1.310217e-10 3.271107e-11  2.53918 84.80671 100.00000
157 -6.892729e-07 -1.788670e-09 -6.349840e-06 6.757095e-09 -2.040599e-24 1.213098e-11 11.09832 100.00000 100.00000
158 -1.541991e-06 -8.206470e-07 -6.349855e-06 8.878111e-09 1.495488e-11 2.857050e-11  2.79973 95.22377 100.00000
159 -9.383410e-07 -2.049654e-07 -6.349840e-06 7.633637e-09 -1.258067e-24 1.441830e-11  5.96549 100.00000 100.00000
160 -1.727903e-06 -1.012378e-06 -6.350102e-06 9.232119e-09 2.617743e-10 3.539139e-11  2.40209 78.92207 100.00000
161 -7.215410e-07 -2.521052e-08 -6.349840e-06 6.892846e-09 -2.040126e-24 1.238576e-11  9.89553 100.00000 100.00000
162 -2.722018e-06 -1.984018e-06 -6.362761e-06 1.336150e-08 1.292116e-08 7.846679e-11  1.36015 11.89626 100.00000
163 -3.222844e-07 2.176809e-08 -6.349840e-06 3.324870e-09 -7.461209e-25 6.925034e+04 100.00000 100.00000 100.00000
164 -9.812754e-07 -2.436064e-07 -6.349840e-06 7.758203e-09 -4.010796e-24 1.494764e-11  5.52628 100.00000 100.00000
165 -3.054999e-06 -2.213595e-06 -6.376817e-06 1.711759e-08 2.697716e-08 9.371030e-11  1.18682 10.03878 100.00000
166 -2.276044e-06 -1.584792e-06 -6.353171e-06 1.060781e-08 3.331363e-09 5.843074e-11  1.68993 39.37971 100.00000
167 -2.192947e-07 1.184320e-08 -6.349840e-06 2.254840e-09 -1.021722e-24 6.925034e+04 100.00000 100.00000 100.00000
168 -6.302460e-07 1.661637e-08 -6.349840e-06 6.318531e-09 -2.024889e-24 1.174155e-11 16.88969 100.00000 100.00000
169 -6.244359e-06 -4.034900e-06 -6.696929e-06 8.233505e-08 3.470893e-07 2.516785e-10  0.53330  5.15817 100.00000
170 -4.180769e-06 -2.919835e-06 -6.450446e-06 3.415862e-08 1.006059e-07 1.466799e-10  0.82885  7.44082 100.00000
171 -7.103335e-07 -1.630293e-08 -6.349840e-06 6.851700e-09 -2.040483e-24 1.229478e-11 10.24096 100.00000 100.00000
172 -1.400975e-06 -6.689688e-07 -6.349840e-06 8.648060e-09 -9.303017e-24 2.401274e-11  3.19983 100.00000 100.00000
173 -5.219811e-06 -3.504149e-06 -6.555868e-06 5.567481e-08 2.060282e-07 1.981009e-10  0.64809  6.05019 100.00000
174 -3.440369e-06 -2.465421e-06 -6.397469e-06 2.222135e-08 4.762861e-08 1.115783e-10  1.03409  8.97471 100.00000
175 -1.642747e-05 -8.271816e-06 -1.028679e-05 6.459577e-07 3.936950e-06 9.474732e-10  0.19305  2.32714 100.00000
176 -3.817183e-07 2.749561e-08 -6.349840e-06 3.942370e-09 -7.461209e-25 6.925034e+04 100.00000 100.00000 100.00000
177 -3.163265e-05 -1.353199e-05 -2.359348e-05 2.531585e-06 1.724364e-05 2.519590e-09  0.09884  1.36271 100.00000
178 -6.058788e-07 1.793896e-08 -6.349840e-06 6.088602e-09 -2.005431e-24 1.159999e-11 20.96687 100.00000 100.00000
179 -8.569917e-06 -5.128537e-06 -7.160071e-06 1.629699e-07 8.102315e-07 3.845452e-10  0.38031  3.94334 100.00000
180 -4.080127e-05 -1.652040e-05 -3.637954e-05 4.286322e-06 3.002970e-05 3.771298e-09  0.07637  1.09964 100.00000
181 -2.948707e-06 -2.142075e-06 -6.371924e-06 1.584301e-08 2.208361e-08 8.882427e-11  1.23717 10.41762 100.00000
182 -2.798377e-06 -2.038439e-06 -6.365636e-06 1.415530e-08 1.579620e-08 8.194561e-11  1.31610 11.22733 100.00000
183 -4.591532e-06 -3.157392e-06 -6.487693e-06 4.199963e-08 1.378527e-07 1.666788e-10  0.74656  6.80997 100.00000
184 -3.139341e-05 -1.345282e-05 -2.330816e-05 2.492051e-06 1.695832e-05 2.489981e-09  0.09961  1.37136 100.00000
185 -1.087411e-06 -3.436733e-07 -6.349840e-06 8.033890e-09 -3.969071e-24 1.654617e-11  4.67289 100.00000 100.00000
186 -2.508738e-05 -1.133498e-05 -1.666836e-05 1.564193e-06 1.031852e-05 1.765599e-09  0.12513  1.65064 100.00000
187 -9.001075e-07 -1.715129e-07 -6.349840e-06 7.515801e-09 -1.268884e-24 1.399433e-11  6.41895 100.00000 100.00000
188 -1.046779e-05 -5.945635e-06 -7.690574e-06 2.496514e-07 1.340734e-06 5.045634e-10  0.30813  3.34681 100.00000
189 -1.217944e-06 -4.744057e-07 -6.349840e-06 8.320148e-09 -3.913586e-24 1.915633e-11  3.92371 100.00000 100.00000
190 -1.035645e-06 -2.940961e-07 -6.349840e-06 7.904843e-09 -3.989912e-24 1.571129e-11  5.05403 100.00000 100.00000
191 -5.433650e-07 2.058235e-08 -6.349840e-06 5.492558e-09 -5.588106e-25 1.124259e-11 33.91913 100.00000 100.00000
192 -3.796501e-05 -1.560414e-05 -3.203784e-05 3.693522e-06 2.568800e-05 3.359744e-09  0.08215  1.16901 100.00000
193 -3.139961e-07 2.096937e-08 -6.349840e-06 3.238758e-09 -7.461209e-25 6.925034e+04 100.00000 100.00000 100.00000
194 -8.924984e-06 -5.285593e-06 -7.248738e-06 1.777531e-07 8.988980e-07 4.062122e-10  0.36434  3.81324 100.00000
195 -1.137722e-06 -3.931479e-07 -6.349840e-06 8.150397e-09 -3.948111e-24 1.746519e-11  4.35310 100.00000 100.00000
196 -7.470060e-06 -4.626985e-06 -6.915844e-06 1.213419e-07 5.660035e-07 3.197469e-10  0.44002  4.42315 100.00000
197 -5.839373e-06 -3.829618e-06 -6.636678e-06 7.115064e-08 2.868377e-07 2.301441e-10  0.57346  5.47128 100.00000
198 -4.438433e-07 2.477218e-08 -6.349840e-06 4.540355e-09 -2.194978e-24     NaN 65.74306 100.00000 100.00000
199 -2.486171e-06 -1.793764e-06 -6.356026e-06 1.146645e-08 6.186332e-09 6.779939e-11  1.51680 22.97230 100.00000
200 -1.047124e-06 -3.049677e-07 -6.349840e-06 7.934312e-09 -3.985363e-24 1.588703e-11  4.96432 100.00000 100.00000
