% Exp     F_O2        F_NO3        F_SO4        F_NH4        F_H2S        F_PO4          zox     zNO3     zSO4
  1 -3.945050e-04 -1.245457e-04 -3.350138e-03 4.331393e-04 3.366046e-03 2.256746e-07  0.00782  0.13539  2.54769
  2 -1.699666e-04 -5.637229e-05 -6.054340e-04 7.917200e-05 5.990841e-04 4.558228e-08  0.01817  0.30390 100.00000
  3 -2.775723e-04 -8.907630e-05 -1.642903e-03 2.133331e-04 1.641523e-03 1.148718e-07  0.01111  0.19031  7.11664
  4 -3.148923e-04 -1.004010e-04 -2.122319e-03 2.751097e-04 2.125861e-03 1.462173e-07  0.00979  0.16849  4.65914
  5 -3.306337e-04 -1.051763e-04 -2.342938e-03 3.035217e-04 2.348709e-03 1.605683e-07  0.00933  0.16072  4.04346
  6 -3.626764e-04 -1.148946e-04 -2.825755e-03 3.656725e-04 2.836391e-03 1.918514e-07  0.00850  0.14693  3.14966
  7 -3.556651e-04 -1.127683e-04 -2.716243e-03 3.515784e-04 2.725776e-03 1.847690e-07  0.00867  0.14974  3.31461
  8 -2.127692e-04 -6.939421e-05 -9.562339e-04 1.247191e-04 9.498840e-04 6.939264e-08  0.01451  0.24556 39.87001
  9 -1.684046e-04 -5.589656e-05 -5.941972e-04 7.770516e-05 5.878474e-04 4.480709e-08  0.01834  0.30656 100.00000
 10 -3.715262e-04 -1.175782e-04 -2.967076e-03 3.838579e-04 2.979134e-03 2.009807e-07  0.00830  0.14352  2.96027
 11 -3.287525e-04 -1.046057e-04 -2.315998e-03 3.000527e-04 2.321497e-03 1.588180e-07  0.00938  0.16161  4.10932
 12 -3.210480e-04 -1.022685e-04 -2.207293e-03 2.860540e-04 2.211694e-03 1.517495e-07  0.00961  0.16536  4.39981
 13 -2.868995e-04 -9.190719e-05 -1.756970e-03 2.280367e-04 1.756786e-03 1.223528e-07  0.01075  0.18434  6.29714
 14 -3.226888e-04 -1.027663e-04 -2.230224e-03 2.890072e-04 2.234857e-03 1.532414e-07  0.00956  0.16455  4.33497
 15 -2.596144e-04 -8.362479e-05 -1.434084e-03 1.864054e-04 1.430250e-03 1.011312e-07  0.01188  0.20296  9.63949
 16 -3.778160e-04 -1.194855e-04 -3.069616e-03 3.970514e-04 3.082705e-03 2.075980e-07  0.00816  0.14120  2.83690
 17 -2.883957e-04 -9.236125e-05 -1.775624e-03 2.304409e-04 1.775633e-03 1.235747e-07  0.01070  0.18342  6.18288
 18 -2.797113e-04 -8.972555e-05 -1.668724e-03 2.166618e-04 1.667617e-03 1.165666e-07  0.01103  0.18891  6.91010
 19 -2.180292e-04 -7.099296e-05 -1.005070e-03 1.310289e-04 9.987205e-04 7.266056e-08  0.01416  0.23990 34.15910
 20 -3.118598e-04 -9.948105e-05 -2.081074e-03 2.697970e-04 2.084198e-03 1.435297e-07  0.00989  0.17007  4.79713
 21 -3.176196e-04 -1.012284e-04 -2.159761e-03 2.799322e-04 2.163682e-03 1.486557e-07  0.00971  0.16709  4.54097
 22 -1.442836e-04 -4.854340e-05 -4.342242e-04 5.679932e-05 4.278743e-04 3.367402e-08  0.02141  0.35450 100.00000
 23 -3.416341e-04 -1.085129e-04 -2.503590e-03 3.242056e-04 2.510981e-03 1.709948e-07  0.00903  0.15570  3.69235
 24 -1.835683e-04 -6.051315e-05 -7.077943e-04 9.252643e-05 7.014445e-04 5.261156e-08  0.01682  0.28256 100.00000
 25 -2.073944e-04 -6.776028e-05 -9.075902e-04 1.184327e-04 9.012404e-04 6.613067e-08  0.01488  0.25162 46.96603
 26 -3.359559e-04 -1.067907e-04 -2.419998e-03 3.134437e-04 2.426546e-03 1.655720e-07  0.00918  0.15825  3.86670
 27 -1.792415e-04 -5.919623e-05 -6.743547e-04 8.816516e-05 6.680048e-04 5.032120e-08  0.01723  0.28901 100.00000
 28 -2.676922e-04 -8.607721e-05 -1.526257e-03 1.982931e-04 1.523589e-03 1.072041e-07  0.01152  0.19707  8.27471
 29 -1.854925e-04 -6.109869e-05 -7.229283e-04 9.449982e-05 7.165784e-04 5.364635e-08  0.01664  0.27978 100.00000
 30 -1.336805e-04 -4.530614e-05 -3.719546e-04 4.864692e-05 3.656048e-04 2.927806e-08  0.02312  0.38069 100.00000
 31 -3.645974e-04 -1.154771e-04 -2.856139e-03 3.695824e-04 2.867080e-03 1.938151e-07  0.00846  0.14617  3.10685
 32 -2.320882e-04 -7.526493e-05 -1.141585e-03 1.486596e-04 1.135235e-03 8.176249e-08  0.01330  0.22599 22.57402
 33 -2.898221e-04 -9.279411e-05 -1.793499e-03 2.327447e-04 1.793693e-03 1.247452e-07  0.01064  0.18255  6.07765
 34 -8.986617e-05 -3.187305e-05 -1.667581e-04 2.167502e-05 1.604082e-04 1.433767e-08  0.03445  0.54870 100.00000
 35 -1.156162e-04 -3.978112e-05 -2.771891e-04 3.621672e-05 2.708392e-04 2.248913e-08  0.02675  0.43559 100.00000
 36 -2.259170e-04 -7.338997e-05 -1.080590e-03 1.407835e-04 1.074240e-03 7.770139e-08  0.01366  0.23189 27.13903
 37 -2.233098e-04 -7.259772e-05 -1.055325e-03 1.375204e-04 1.048975e-03 7.601658e-08  0.01382  0.23448 29.29155
 38 -2.427625e-04 -7.850739e-05 -1.251050e-03 1.627899e-04 1.244700e-03 8.903016e-08  0.01271  0.21647 16.06090
 39 -3.282395e-04 -1.044500e-04 -2.308678e-03 2.991101e-04 2.314103e-03 1.583423e-07  0.00940  0.16185  4.12761
 40 -2.652334e-04 -8.533075e-05 -1.497896e-03 1.946357e-04 1.494892e-03 1.053368e-07  0.01163  0.19882  8.63491
 41 -3.697593e-04 -1.170424e-04 -2.938585e-03 3.801918e-04 2.950356e-03 1.991411e-07  0.00834  0.14419  2.99654
 42 -3.809058e-04 -1.204223e-04 -3.120625e-03 4.036141e-04 3.134227e-03 2.108878e-07  0.00809  0.14009  2.77939
 43 -3.077483e-04 -9.823360e-05 -2.025797e-03 2.626764e-04 2.028361e-03 1.399254e-07  0.01002  0.17227  4.99641
 44 -2.417632e-04 -7.820385e-05 -1.240589e-03 1.614397e-04 1.234239e-03 8.833666e-08  0.01276  0.21732 16.60569
 45 -3.063087e-04 -9.779684e-05 -2.006620e-03 2.602059e-04 2.008989e-03 1.386743e-07  0.01007  0.17305  5.06977
 46 -1.976971e-04 -6.481153e-05 -8.230465e-04 1.075026e-04 8.166966e-04 6.044306e-08  0.01561  0.26336 66.10369
 47 -2.556671e-04 -8.242628e-05 -1.390089e-03 1.807303e-04 1.383740e-03 9.822781e-08  0.01207  0.20597 10.59916
 48 -3.735109e-04 -1.181801e-04 -2.999244e-03 3.879970e-04 3.011625e-03 2.030572e-07  0.00826  0.14278  2.92039
 49 -3.770730e-04 -1.192602e-04 -3.057412e-03 3.954812e-04 3.070378e-03 2.068107e-07  0.00818  0.14147  2.85103
 50 -1.095052e-04 -3.790849e-05 -2.483598e-04 3.242780e-05 2.420099e-04 2.039231e-08  0.02825  0.45796 100.00000
 51 -3.893468e-04 -1.229817e-04 -3.262124e-03 4.218176e-04 3.277148e-03 2.200071e-07  0.00792  0.13713  2.63170
 52 -7.371513e-05 -2.688026e-05 -1.122674e-04 1.445842e-05 1.059176e-04 1.014023e-08  0.04205  0.65600 100.00000
 53 -1.126742e-04 -3.887986e-05 -2.631063e-04 3.436640e-05 2.567564e-04 2.146707e-08  0.02745  0.44608 100.00000
 54 -3.492684e-04 -1.108284e-04 -2.618220e-03 3.389616e-04 2.626766e-03 1.784234e-07  0.00883  0.15240  3.47826
 55 -2.573274e-04 -8.293041e-05 -1.408511e-03 1.831067e-04 1.402161e-03 9.944388e-08  0.01199  0.20469 10.16017
 56 -1.866498e-04 -6.145085e-05 -7.321085e-04 9.569675e-05 7.257587e-04 5.427355e-08  0.01654  0.27813 100.00000
 57 -3.707881e-04 -1.173544e-04 -2.955158e-03 3.823244e-04 2.967096e-03 2.002112e-07  0.00832  0.14380  2.97533
 58 -3.743214e-04 -1.184258e-04 -3.012429e-03 3.896935e-04 3.024943e-03 2.039082e-07  0.00824  0.14248  2.90436
 59 -3.547018e-04 -1.124762e-04 -2.701365e-03 3.496636e-04 2.710749e-03 1.838062e-07  0.00869  0.15013  3.33842
 60 -2.459045e-04 -7.946165e-05 -1.284228e-03 1.670716e-04 1.277878e-03 9.122811e-08  0.01255  0.21381 14.43971
 61 -3.928073e-04 -1.240310e-04 -3.321040e-03 4.293964e-04 3.336656e-03 2.238013e-07  0.00785  0.13596  2.57485
 62 -2.303380e-04 -7.473319e-05 -1.124116e-03 1.464040e-04 1.117766e-03 8.060023e-08  0.01340  0.22764 23.80042
 63 -3.162587e-04 -1.008156e-04 -2.141037e-03 2.775206e-04 2.144768e-03 1.474365e-07  0.00975  0.16778  4.59926
 64 -1.912095e-04 -6.283814e-05 -7.688489e-04 1.004861e-04 7.624991e-04 5.677996e-08  0.01615  0.27184 100.00000
 65 -3.199913e-04 -1.019480e-04 -2.192588e-03 2.841601e-04 2.196840e-03 1.507926e-07  0.00964  0.16589  4.44248
 66 -2.243027e-04 -7.289945e-05 -1.064911e-03 1.387586e-04 1.058562e-03 7.665606e-08  0.01376  0.23349 28.45422
 67 -3.375497e-04 -1.072741e-04 -2.443319e-03 3.164461e-04 2.450102e-03 1.670853e-07  0.00914  0.15753  3.81635
 68 -1.056365e-04 -3.672184e-05 -2.309525e-04 3.013786e-05 2.246026e-04 1.911709e-08  0.02928  0.47336 100.00000
 69 -1.251823e-04 -4.270868e-05 -3.255958e-04 4.257024e-05 3.192460e-04 2.597431e-08  0.02469  0.40468 100.00000
 70 -1.739746e-04 -5.759279e-05 -6.347552e-04 8.299876e-05 6.284054e-04 4.760159e-08  0.01775  0.29728 100.00000
 71 -1.804751e-04 -5.957173e-05 -6.838052e-04 8.939785e-05 6.774554e-04 5.096905e-08  0.01711  0.28714 100.00000
 72 -1.562203e-04 -5.218394e-05 -5.102088e-04 6.673510e-05 5.038589e-04 3.898672e-08  0.01977  0.32903 100.00000
 73 -2.009345e-04 -6.579606e-05 -8.508100e-04 1.110926e-04 8.444601e-04 6.231353e-08  0.01536  0.25932 58.29025
 74 -1.732544e-04 -5.737348e-05 -6.294342e-04 8.230440e-05 6.230844e-04 4.723550e-08  0.01782  0.29845 100.00000
 75 -8.705284e-05 -3.100568e-05 -1.564477e-04 2.031243e-05 1.500979e-04 1.355577e-08  0.03557  0.56476 100.00000
 76 -1.019461e-04 -3.558894e-05 -2.149567e-04 2.803199e-05 2.086069e-04 1.793837e-08  0.03035  0.48906 100.00000
 77 -8.268949e-05 -2.965868e-05 -1.411402e-04 1.828721e-05 1.347904e-04 1.238543e-08  0.03746  0.59164 100.00000
 78 -3.241786e-04 -1.032182e-04 -2.251148e-03 2.917018e-04 2.255992e-03 1.546023e-07  0.00951  0.16382  4.27755
 79 -2.001359e-04 -6.555321e-05 -8.439184e-04 1.102015e-04 8.375685e-04 6.184949e-08  0.01542  0.26030 60.02976
 80 -2.838570e-04 -9.098379e-05 -1.719340e-03 2.231865e-04 1.718765e-03 1.198866e-07  0.01087  0.18625  6.54278
 81 -1.662727e-04 -5.524717e-05 -5.790329e-04 7.572532e-05 5.726831e-04 4.375971e-08  0.01857  0.31026 100.00000
 82 -3.615616e-04 -1.145565e-04 -2.808198e-03 3.634129e-04 2.818657e-03 1.907164e-07  0.00853  0.14737  3.17495
 83 -8.064678e-05 -2.902727e-05 -1.342595e-04 1.737591e-05 1.279097e-04 1.185523e-08  0.03841  0.60514 100.00000
 84 -2.982743e-04 -9.535900e-05 -1.901264e-03 2.466318e-04 1.902562e-03 1.317944e-07  0.01034  0.17755  5.51837
 85 -3.858004e-04 -1.219065e-04 -3.202293e-03 4.141208e-04 3.216716e-03 2.161523e-07  0.00799  0.13836  2.69214
 86 -3.488160e-04 -1.106911e-04 -2.611354e-03 3.380779e-04 2.619831e-03 1.779787e-07  0.00884  0.15259  3.49035
 87 -3.561414e-04 -1.129128e-04 -2.723613e-03 3.525270e-04 2.733220e-03 1.852458e-07  0.00866  0.14954  3.30295
 88 -2.533510e-04 -8.172299e-05 -1.364594e-03 1.774412e-04 1.358244e-03 9.654384e-08  0.01218  0.20778 11.31475
 89 -3.912078e-04 -1.235460e-04 -3.293742e-03 4.258849e-04 3.309083e-03 2.220435e-07  0.00788  0.13650  2.60088
 90 -2.527572e-04 -8.154270e-05 -1.358097e-03 1.766029e-04 1.351747e-03 9.611450e-08  0.01221  0.20825 11.51864
 91 -3.804958e-04 -1.202980e-04 -3.113833e-03 4.027403e-04 3.127366e-03 2.104499e-07  0.00810  0.14023  2.78691
 92 -3.447908e-04 -1.094704e-04 -2.550677e-03 3.302673e-04 2.558543e-03 1.740474e-07  0.00894  0.15432  3.60117
 93 -2.684859e-04 -8.631814e-05 -1.535468e-03 1.994809e-04 1.532906e-03 1.078102e-07  0.01149  0.19651  8.16601
 94 -3.007326e-04 -9.610492e-05 -1.933198e-03 2.507464e-04 1.934821e-03 1.338809e-07  0.01026  0.17615  5.37353
 95 -2.384005e-04 -7.718247e-05 -1.205711e-03 1.569380e-04 1.199361e-03 8.602301e-08  0.01294  0.22026 18.53541
 96 -1.269874e-04 -4.326064e-05 -3.351787e-04 4.382695e-05 3.288289e-04 2.665972e-08  0.02434  0.39933 100.00000
 97 -3.580131e-04 -1.134804e-04 -2.752676e-03 3.562675e-04 2.762576e-03 1.871260e-07  0.00861  0.14878  3.25778
 98 -2.850722e-04 -9.135262e-05 -1.734321e-03 2.251175e-04 1.733902e-03 1.208686e-07  0.01082  0.18548  6.44243
 99 -1.406897e-04 -4.744653e-05 -4.125671e-04 5.396509e-05 4.062173e-04 3.214994e-08  0.02196  0.36296 100.00000
100 -2.924370e-04 -9.358765e-05 -1.826502e-03 2.369980e-04 1.827035e-03 1.269054e-07  0.01055  0.18097  5.89346
101 -3.838544e-04 -1.213164e-04 -3.169697e-03 4.099274e-04 3.183793e-03 2.140515e-07  0.00803  0.13904  2.72628
102 -2.710569e-04 -8.709860e-05 -1.565498e-03 2.033532e-04 1.563275e-03 1.097856e-07  0.01138  0.19471  7.83553
103 -3.316273e-04 -1.054777e-04 -2.357230e-03 3.053619e-04 2.363145e-03 1.614967e-07  0.00930  0.16025  4.00940
104 -2.783141e-04 -8.930148e-05 -1.651836e-03 2.144846e-04 1.650550e-03 1.154582e-07  0.01108  0.18982  7.04357
105 -1.303795e-04 -4.429754e-05 -3.535725e-04 4.623824e-05 3.472226e-04 2.797159e-08  0.02371  0.38966 100.00000
106 -2.467865e-04 -7.972950e-05 -1.293618e-03 1.682834e-04 1.287268e-03 9.184986e-08  0.01250  0.21308 14.01202
107 -2.143341e-04 -6.986989e-05 -9.706361e-04 1.265801e-04 9.642862e-04 7.035708e-08  0.01440  0.24385 38.06381
108 -5.310328e-05 -2.043777e-05 -5.923723e-05 7.377674e-06 5.288739e-05 5.808598e-09  0.05852  0.87635 100.00000
109 -1.647232e-04 -5.477514e-05 -5.681362e-04 7.430244e-05 5.617864e-04 4.300618e-08  0.01875  0.31302 100.00000
110 -3.825396e-04 -1.209177e-04 -3.147768e-03 4.071061e-04 3.161642e-03 2.126379e-07  0.00806  0.13951  2.74975
111 -3.463044e-04 -1.099294e-04 -2.573410e-03 3.331935e-04 2.581504e-03 1.755205e-07  0.00890  0.15366  3.55880
112 -9.964179e-05 -3.488105e-05 -2.052707e-04 2.675597e-05 1.989208e-04 1.722105e-08  0.03106  0.49941 100.00000
113 -1.546089e-04 -5.169267e-05 -4.995869e-04 6.534687e-05 4.932370e-04 3.824700e-08  0.01998  0.33225 100.00000
114 -3.877780e-04 -1.225061e-04 -3.235588e-03 4.184041e-04 3.250346e-03 2.182977e-07  0.00795  0.13767  2.65816
115 -3.829131e-04 -1.210310e-04 -3.153989e-03 4.079066e-04 3.167927e-03 2.130390e-07  0.00805  0.13937  2.74305
116 -2.283099e-04 -7.411701e-05 -1.104042e-03 1.438119e-04 1.097692e-03 7.926383e-08  0.01352  0.22957 25.28689
117 -2.831088e-04 -9.075671e-05 -1.710149e-03 2.220017e-04 1.709478e-03 1.192840e-07  0.01090  0.18672  6.60614
118 -3.403175e-04 -1.081136e-04 -2.484082e-03 3.216941e-04 2.491276e-03 1.697297e-07  0.00906  0.15628  3.73156
119 -2.695096e-04 -8.662892e-05 -1.547391e-03 2.010184e-04 1.544965e-03 1.085947e-07  0.01145  0.19579  8.03063
120 -3.055540e-04 -9.756785e-05 -1.996602e-03 2.589153e-04 1.998870e-03 1.380206e-07  0.01009  0.17346  5.10902
121 -3.907251e-04 -1.233996e-04 -3.285527e-03 4.248281e-04 3.300786e-03 2.215144e-07  0.00789  0.13666  2.60881
122 -2.948565e-04 -9.432188e-05 -1.857309e-03 2.409678e-04 1.858157e-03 1.289207e-07  0.01046  0.17954  5.73230
123 -3.674288e-04 -1.163357e-04 -2.901216e-03 3.753832e-04 2.912611e-03 1.967275e-07  0.00839  0.14508  3.04552
124 -3.477916e-04 -1.103805e-04 -2.595844e-03 3.360814e-04 2.604165e-03 1.769740e-07  0.00887  0.15303  3.51800
125 -1.591444e-04 -5.307521e-05 -5.297727e-04 6.929147e-05 5.234229e-04 4.034692e-08  0.01941  0.32334 100.00000
126 -3.597418e-04 -1.140047e-04 -2.779655e-03 3.597396e-04 2.789827e-03 1.888708e-07  0.00857  0.14809  3.21698
127 -6.492018e-05 -2.414408e-05 -8.737808e-05 1.114539e-05 8.102824e-05 8.151331e-09  0.04779  0.73456 100.00000
128 -3.431623e-04 -1.089764e-04 -2.526330e-03 3.271331e-04 2.533951e-03 1.724692e-07  0.00899  0.15503  3.64772
129 -2.935452e-04 -9.392395e-05 -1.840580e-03 2.388122e-04 1.841257e-03 1.278265e-07  0.01051  0.18031  5.81859
130 -2.395776e-04 -7.754002e-05 -1.217864e-03 1.585066e-04 1.211514e-03 8.682944e-08  0.01288  0.21922 17.84306
131 -3.508887e-04 -1.113198e-04 -2.642879e-03 3.421357e-04 2.651673e-03 1.800202e-07  0.00879  0.15172  3.43553
132 -3.382004e-04 -1.074715e-04 -2.452872e-03 3.176760e-04 2.459751e-03 1.677052e-07  0.00912  0.15723  3.79612
133 -2.730891e-04 -8.771551e-05 -1.589441e-03 2.064404e-04 1.587483e-03 1.113598e-07  0.01130  0.19332  7.59484
134 -3.679615e-04 -1.164973e-04 -2.909736e-03 3.764796e-04 2.921217e-03 1.972779e-07  0.00838  0.14488  3.03421
135 -3.649932e-04 -1.155971e-04 -2.862417e-03 3.703905e-04 2.873422e-03 1.942208e-07  0.00845  0.14602  3.09816
136 -3.664877e-04 -1.160504e-04 -2.886195e-03 3.734502e-04 2.897439e-03 1.957571e-07  0.00841  0.14544  3.06568
137 -2.956368e-04 -9.455866e-05 -1.867298e-03 2.422551e-04 1.868249e-03 1.295740e-07  0.01043  0.17908  5.68210
138 -1.625605e-04 -5.411621e-05 -5.531022e-04 7.233901e-05 5.467523e-04 4.196527e-08  0.01900  0.31694 100.00000
139 -3.195099e-04 -1.018019e-04 -2.185905e-03 2.832994e-04 2.190090e-03 1.503576e-07  0.00965  0.16613  4.46216
140 -3.848541e-04 -1.216195e-04 -3.186421e-03 4.120789e-04 3.200684e-03 2.151295e-07  0.00801  0.13869  2.70865
141 -2.100013e-04 -6.855281e-05 -9.310245e-04 1.214614e-04 9.246747e-04 6.770304e-08  0.01470  0.24864 43.33163
142 -2.509711e-04 -8.100032e-05 -1.338644e-03 1.740931e-04 1.332294e-03 9.482866e-08  0.01229  0.20967 12.18266
143 -2.341194e-04 -7.588201e-05 -1.162029e-03 1.512990e-04 1.155679e-03 8.312171e-08  0.01318  0.22412 21.21155
144 -3.435733e-04 -1.091011e-04 -2.532464e-03 3.279227e-04 2.540146e-03 1.728668e-07  0.00898  0.15485  3.63588
145 -3.344926e-04 -1.063468e-04 -2.398687e-03 3.106998e-04 2.405020e-03 1.641886e-07  0.00922  0.15892  3.91395
146 -2.050833e-04 -6.705761e-05 -8.870653e-04 1.157797e-04 8.807155e-04 6.475209e-08  0.01505  0.25432 50.56886
147 -3.789388e-04 -1.198259e-04 -3.088104e-03 3.994301e-04 3.101379e-03 2.087906e-07  0.00814  0.14079  2.81577
148 -1.179342e-04 -4.049093e-05 -2.885517e-04 3.770898e-05 2.822019e-04 2.331094e-08  0.02622  0.42767 100.00000
149 -9.378246e-05 -3.307914e-05 -1.816859e-04 2.364596e-05 1.753360e-04 1.546177e-08  0.03301  0.52781 100.00000
150 -3.932268e-04 -1.241581e-04 -3.328218e-03 4.303197e-04 3.343906e-03 2.242635e-07  0.00784  0.13582  2.56810
151 -3.251564e-04 -1.035148e-04 -2.264933e-03 2.934770e-04 2.269917e-03 1.554987e-07  0.00948  0.16334  4.24058
152 -3.526757e-04 -1.118617e-04 -2.670209e-03 3.456535e-04 2.679279e-03 1.817897e-07  0.00874  0.15097  3.38943
153 -1.461199e-04 -4.910369e-05 -4.455077e-04 5.827553e-05 4.391579e-04 3.446622e-08  0.02114  0.35032 100.00000
154 -2.211686e-04 -7.194706e-05 -1.034800e-03 1.348693e-04 1.028450e-03 7.464670e-08  0.01395  0.23665 31.17656
155 -4.796301e-05 -1.881030e-05 -4.888916e-05 5.983034e-06 4.253932e-05 4.907490e-09  0.06485  0.95725 100.00000
156 -3.127879e-04 -9.976260e-05 -2.093653e-03 2.714174e-04 2.096905e-03 1.443496e-07  0.00986  0.16958  4.75413
157 -3.874124e-04 -1.223952e-04 -3.229420e-03 4.176105e-04 3.244115e-03 2.179003e-07  0.00796  0.13780  2.66439
158 -2.745999e-04 -8.817410e-05 -1.607359e-03 2.087506e-04 1.605596e-03 1.125372e-07  0.01123  0.19229  7.42616
159 -2.496614e-04 -8.060258e-05 -1.324468e-03 1.722641e-04 1.318119e-03 9.389124e-08  0.01236  0.21072 12.71633
160 -2.972681e-04 -9.505367e-05 -1.888270e-03 2.449575e-04 1.889435e-03 1.309451e-07  0.01038  0.17813  5.57978
161 -1.225111e-04 -4.189165e-05 -3.116766e-04 4.074427e-05 3.053268e-04 2.497624e-08  0.02524  0.41286 100.00000
162 -3.518664e-04 -1.116163e-04 -2.657814e-03 3.440580e-04 2.666759e-03 1.809872e-07  0.00876  0.15131  3.41018
163 -2.649645e-04 -8.524910e-05 -1.494810e-03 1.942377e-04 1.491769e-03 1.051336e-07  0.01164  0.19902  8.67670
164 -1.502804e-04 -5.037280e-05 -4.716184e-04 6.169049e-05 4.652686e-04 3.629485e-08  0.02056  0.34123 100.00000
165 -2.620766e-04 -8.437234e-05 -1.461875e-03 1.899899e-04 1.458419e-03 1.029635e-07  0.01177  0.20113  9.16126
166 -2.026837e-04 -6.632798e-05 -8.660037e-04 1.130569e-04 8.596538e-04 6.333601e-08  0.01523  0.25719 54.79807
167 -2.151715e-04 -7.012440e-05 -9.783864e-04 1.275815e-04 9.720366e-04 7.087583e-08  0.01434  0.24294 37.13694
168 -5.890780e-05 -2.226351e-05 -7.230145e-05 9.130507e-06 6.595161e-05 6.912134e-09  0.05270  0.80032 100.00000
169 -1.934708e-04 -6.352603e-05 -7.874962e-04 1.029048e-04 7.811463e-04 5.804383e-08  0.01596  0.26882 82.39908
170 -2.811817e-04 -9.017184e-05 -1.686590e-03 2.189649e-04 1.685672e-03 1.177388e-07  0.01097  0.18795  6.77513
171 -1.364064e-04 -4.613874e-05 -3.874937e-04 5.068229e-05 3.811439e-04 3.037916e-08  0.02266  0.37359 100.00000
172 -2.584231e-04 -8.326310e-05 -1.420734e-03 1.846834e-04 1.416702e-03 1.002505e-07  0.01194  0.20386  9.90007
173 -2.760930e-04 -8.862730e-05 -1.625165e-03 2.110462e-04 1.623594e-03 1.137069e-07  0.01117  0.19129  7.26719
174 -3.035762e-04 -9.696776e-05 -1.970470e-03 2.555485e-04 1.972472e-03 1.363149e-07  0.01016  0.17456  5.21456
175 -3.086683e-04 -9.851274e-05 -2.038101e-03 2.642614e-04 2.040790e-03 1.407280e-07  0.00999  0.17177  4.95053
176 -2.364297e-04 -7.658382e-05 -1.185502e-03 1.543293e-04 1.179152e-03 8.468125e-08  0.01305  0.22202 19.73583
177 -1.896476e-04 -6.236296e-05 -7.561614e-04 9.883238e-05 7.498116e-04 5.591508e-08  0.01628  0.27396 100.00000
178 -1.517343e-04 -5.081620e-05 -4.809217e-04 6.290690e-05 4.745718e-04 3.694493e-08  0.02036  0.33816 100.00000
179 -3.138506e-04 -1.000850e-04 -2.108105e-03 2.732788e-04 2.111503e-03 1.452913e-07  0.00983  0.16903  4.70573
180 -2.337995e-04 -7.578480e-05 -1.158796e-03 1.508817e-04 1.152446e-03 8.290685e-08  0.01320  0.22441 21.42203
181 -3.265074e-04 -1.039247e-04 -2.284052e-03 2.959390e-04 2.289228e-03 1.567417e-07  0.00945  0.16268  4.19042
182 -3.583410e-04 -1.135798e-04 -2.757782e-03 3.569246e-04 2.767734e-03 1.874562e-07  0.00861  0.14865  3.24998
183 -3.606126e-04 -1.142687e-04 -2.793294e-03 3.614950e-04 2.803603e-03 1.897528e-07  0.00855  0.14774  3.19675
184 -3.322221e-04 -1.056581e-04 -2.365806e-03 3.064662e-04 2.371808e-03 1.620537e-07  0.00928  0.15997  3.98926
185 -2.081735e-04 -6.799713e-05 -9.145621e-04 1.193338e-04 9.082123e-04 6.659864e-08  0.01483  0.25073 45.83676
186 -3.015448e-04 -9.635137e-05 -1.943807e-03 2.521133e-04 1.945538e-03 1.345739e-07  0.01023  0.17569  5.32722
187 -3.107934e-04 -9.915750e-05 -2.066665e-03 2.679409e-04 2.069643e-03 1.425905e-07  0.00992  0.17064  4.84742
188 -2.903367e-04 -9.295027e-05 -1.799970e-03 2.335787e-04 1.800230e-03 1.251689e-07  0.01062  0.18224  6.04054
189 -1.387280e-04 -4.684766e-05 -4.009843e-04 5.244878e-05 3.946344e-04 3.133279e-08  0.02228  0.36775 100.00000
190 -2.440357e-04 -7.889408e-05 -1.264442e-03 1.645182e-04 1.258092e-03 8.991759e-08  0.01264  0.21538 15.38664
191 -3.754882e-04 -1.187796e-04 -3.031464e-03 3.921427e-04 3.044170e-03 2.051366e-07  0.00821  0.14205  2.88154
192 -1.952435e-04 -6.406525e-05 -8.023117e-04 1.048211e-04 7.959619e-04 5.904429e-08  0.01581  0.26650 74.06626
193 -1.772753e-04 -5.859771e-05 -6.594300e-04 8.621822e-05 6.530802e-04 4.929718e-08  0.01742  0.29204 100.00000
194 -3.026288e-04 -9.668029e-05 -1.958012e-03 2.539435e-04 1.959887e-03 1.355015e-07  0.01019  0.17508  5.26655
195 -2.610174e-04 -8.405077e-05 -1.449887e-03 1.884438e-04 1.446272e-03 1.021733e-07  0.01182  0.20191  9.35832
196 -3.731866e-04 -1.180817e-04 -2.993976e-03 3.873191e-04 3.006304e-03 2.027172e-07  0.00826  0.14290  2.92685
197 -3.391786e-04 -1.077682e-04 -2.467268e-03 3.195295e-04 2.474293e-03 1.686391e-07  0.00909  0.15679  3.76605
198 -3.341359e-04 -1.062386e-04 -2.393506e-03 3.100327e-04 2.399787e-03 1.638523e-07  0.00923  0.15909  3.92561
199 -2.198934e-04 -7.155952e-05 -1.022671e-03 1.333027e-04 1.016321e-03 7.383672e-08  0.01404  0.23796 32.35477
200 -6.929474e-05 -2.550695e-05 -9.933668e-05 1.273895e-05 9.298684e-05 9.114438e-09  0.04475  0.69323 100.00000
