%Depth	   PO4	   NH4	    pH 	   TA	    Fe	    F	Mn	   NO3	   SO4	H2S
0.00	5.90	15.30	7.91	2860.00	0.60	73.60	NaN	16.90	28200.00	0.00
0.12	25.90	65.90	7.96	2940.00	5.60	76.70	NaN	74.40	28500.00	0.00
0.37	44.80	89.60	7.97	3160.00	32.70	78.80	NaN	NaN	27600.00	0.00
0.75	53.90	108.80	7.97	3620.00	42.40	79.00	NaN	25.20	28200.00	0.00
1.25	52.70	141.30	7.96	4120.00	31.10	78.60	NaN	5.90	28000.00	0.00
1.75	49.00	157.50	7.92	4090.00	30.70	78.00	NaN	2.60	28000.00	0.00
2.25	49.00	184.10	8.04	4350.00	16.80	77.60	NaN	2.60	28200.00	0.00
2.75	52.10	212.20	8.09	4690.00	11.70	75.90	NaN	0.00	27200.00	0.20
3.50	55.10	252.10	8.01	5120.00	4.40	73.80	NaN	0.00	27800.00	3.10
4.50	58.10	271.30	8.11	5450.00	0.20	55.10	NaN	0.00	26800.00	50.30
6.50	63.00	362.30	8.08	5920.00	0.10	53.00	NaN	0.00	26800.00	193.80
8.50	69.10	418.50	8.10	6510.00	0.00	53.00	NaN	0.00	26300.00	296.00
10.50	72.70	445.10	8.07	7010.00	0.00	55.10	NaN	0.00	26100.00	403.20
12.50	75.70	501.20	8.10	7400.00	0.00	53.40	NaN	0.00	26600.00	505.60
14.50	79.40	566.30	8.12	8110.00	0.00	50.70	NaN	NaN	25100.00	599.20
18.50	83.00	666.70	8.12	9100.00	0.00	51.60	NaN	NaN	23600.00	841.30
22.50	85.50	749.50	8.15	10180.00	0.00	51.40	NaN	NaN	22800.00	1200.20
27.50	82.40	835.20	8.01	11010.00	0.00	43.50	NaN	NaN	21700.00	1567.00
30.50	85.50	912.00	8.17	11950.00	0.00	44.50	NaN	NaN	19800.00	0.00
0.00	10.10	38.50	7.82	2640.00	3.50	71.80	NaN	7.40	27400.00	NaN
0.12	36.50	82.80	NaN	2910.00	12.20	71.80	NaN	NaN	28500.00	NaN
0.37	54.60	103.10	7.77	3140.00	38.00	75.10	NaN	30.60	27800.00	NaN
0.75	61.60	123.40	7.83	3150.00	35.10	75.30	NaN	13.00	27600.00	NaN
1.25	65.50	149.20	7.89	3580.00	31.50	69.40	NaN	3.60	28200.00	NaN
1.75	66.80	175.00	7.98	4180.00	20.50	71.80	NaN	1.20	28600.00	NaN
2.25	72.60	202.70	8.03	4500.00	15.90	70.30	NaN	NaN	27600.00	NaN
2.75	70.70	224.90	8.04	4710.00	10.80	64.90	NaN	NaN	27600.00	NaN
3.50	76.50	261.80	8.07	4990.00	5.30	64.60	NaN	NaN	27400.00	0.00
4.50	81.60	282.10	8.12	5500.00	1.40	61.30	NaN	NaN	26100.00	8.00
6.50	86.80	350.40	8.12	6160.00	0.10	52.70	NaN	NaN	25700.00	106.00
8.50	90.00	394.70	8.10	6730.00	0.00	55.40	NaN	NaN	25700.00	185.00
10.50	90.60	483.00	8.06	7330.00	0.80	53.00	NaN	NaN	25100.00	210.00
12.50	92.60	519.90	8.05	7790.00	0.20	51.80	NaN	NaN	24900.00	326.00
14.50	93.20	567.90	8.01	8300.00	0.00	41.10	NaN	NaN	23800.00	470.00
18.50	90.60	656.40	8.08	9040.00	0.10	47.80	NaN	NaN	23200.00	668.00
22.50	85.50	754.10	8.04	10040.00	0.00	48.90	NaN	NaN	21900.00	875.00
27.50	88.10	833.20	8.09	11250.00	0.20	50.10	NaN	NaN	21500.00	981.00
32.50	86.10	921.50	8.06	12300.00	0.10	48.70	NaN	NaN	20600.00	1141.00
0.00	5.30	15.40	7.85	NaN	3.10	71.00	NaN	25.90	27400.00	0.00
0.12	41.10	84.30	7.85	3050.00	21.90	72.70	NaN	69.10	27400.00	0.00
0.37	48.30	113.00	7.81	3540.00	33.80	71.70	NaN	40.20	27400.00	0.00
0.75	48.30	130.50	7.86	3640.00	35.60	74.00	NaN	19.40	27600.00	0.00
1.25	48.30	151.30	7.93	3840.00	32.10	74.20	NaN	9.20	27800.00	0.00
1.75	47.60	176.80	7.97	4060.00	26.70	71.20	NaN	3.40	22300.00	0.00
2.25	47.60	207.10	8.05	4420.00	18.20	65.80	NaN	2.00	27000.00	0.00
2.75	49.60	240.70	8.09	4780.00	14.10	66.50	NaN	0.50	27000.00	0.00
3.50	58.00	280.50	8.12	5240.00	15.90	63.30	NaN	0.00	26600.00	0.00
4.50	65.20	328.40	8.16	5775.00	7.90	61.10	NaN	0.00	26300.00	0.00
6.50	73.70	382.70	8.15	6260.00	0.90	49.90	NaN	0.00	25900.00	75.00
8.50	81.50	443.30	8.06	6860.00	0.20	52.90	NaN	0.00	25500.00	204.00
10.50	88.00	506.80	8.06	7490.00	0.30	48.90	NaN	0.00	25700.00	292.00
12.50	91.90	570.70	8.06	8080.00	0.40	49.40	NaN	0.00	25400.00	414.00
14.50	92.50	599.40	8.06	8670.00	0.20	47.00	NaN	0.00	24900.00	479.00
18.50	94.50	720.70	8.06	9500.00	0.20	48.70	NaN	0.00	23800.00	774.00
22.50	93.80	800.50	8.06	10780.00	1.30	45.20	NaN	0.00	21900.00	901.00
27.50	91.20	896.20	8.04	11820.00	0.30	44.00	NaN	0.00	21300.00	886.00
32.50	91.20	1020.70	8.07	13310.00	0.40	43.20	NaN	0.00	20200.00	1530.00
0.00	0.00	10.70	NaN	2570.00	3.80	64.30	0.30	NaN	28300.00	NaN
0.13	17.80	59.90	NaN	NaN	13.00	72.70	0.30	NaN	28400.00	NaN
0.38	44.00	79.70	NaN	3150.00	42.50	89.70	1.80	NaN	27800.00	NaN
0.75	47.00	102.10	NaN	3420.00	60.70	87.40	2.60	NaN	27900.00	NaN
1.25	44.00	135.00	NaN	3840.00	50.00	94.70	8.20	NaN	27400.00	NaN
1.75	48.00	231.20	NaN	4460.00	36.90	92.40	6.60	NaN	27200.00	0.20
2.25	52.00	237.80	NaN	4790.00	32.00	74.70	5.00	NaN	27200.00	0.30
2.75	53.00	258.90	NaN	5110.00	27.90	80.80	4.20	NaN	27100.00	0.20
3.50	69.20	298.40	NaN	5390.00	18.70	72.70	3.40	NaN	26700.00	0.60
4.50	70.20	331.30	NaN	5900.00	5.10	64.60	1.00	NaN	25900.00	7.70
5.50	71.20	369.50	NaN	6270.00	2.30	61.90	0.30	NaN	26100.00	37.00
6.50	73.20	416.60	NaN	6490.00	1.70	60.80	0.30	NaN	25900.00	80.70
8.50	76.20	491.40	NaN	7170.00	NaN	59.30	0.30	NaN	25400.00	139.00
11.50	83.40	552.00	NaN	7930.00	NaN	54.60	0.30	NaN	24500.00	275.00
15.50	91.40	675.80	NaN	9290.00	NaN	54.60	0.30	NaN	24000.00	378.00
20.50	103.60	736.40	NaN	10600.00	NaN	55.00	0.30	NaN	22200.00	599.00
25.50	103.60	894.50	NaN	12000.00	NaN	49.60	0.30	NaN	21400.00	835.00
30.50	101.60	920.90	NaN	13400.00	NaN	49.20	0.30	NaN	20300.00	1124.00
40.50	98.40	1200.20	NaN	15780.00	NaN	35.40	1.80	NaN	18700.00	1221.00
50.50	107.60	1432.10	NaN	18940.00	NaN	47.30	1.80	NaN	16600.00	1811.00
0.13	NaN	NaN	NaN	NaN	14.10	NaN	NaN	NaN	29100.00	NaN
0.38	NaN	NaN	NaN	NaN	30.10	NaN	NaN	NaN	28400.00	NaN
0.75	NaN	NaN	NaN	NaN	32.20	NaN	NaN	NaN	28800.00	NaN
1.25	NaN	NaN	NaN	NaN	18.20	NaN	NaN	NaN	28600.00	NaN
1.75	NaN	NaN	NaN	NaN	10.40	NaN	NaN	NaN	28500.00	0.70
2.25	NaN	NaN	NaN	NaN	4.90	NaN	NaN	NaN	28200.00	1.30
2.75	NaN	NaN	NaN	NaN	1.80	NaN	NaN	NaN	27800.00	8.20
3.50	NaN	NaN	NaN	NaN	0.50	NaN	NaN	NaN	28100.00	53.60
4.50	NaN	NaN	NaN	NaN	NaN	NaN	NaN	NaN	27200.00	79.80
5.50	NaN	NaN	NaN	NaN	NaN	NaN	NaN	NaN	27100.00	127.00
6.50	NaN	NaN	NaN	NaN	NaN	NaN	NaN	NaN	26900.00	171.50
8.50	NaN	NaN	NaN	NaN	NaN	NaN	NaN	NaN	26500.00	317.50
11.50	NaN	NaN	NaN	NaN	NaN	NaN	NaN	NaN	25700.00	441.00
15.50	NaN	NaN	NaN	NaN	NaN	NaN	NaN	NaN	24500.00	633.00
20.50	NaN	NaN	NaN	NaN	NaN	NaN	NaN	NaN	NaN	846.00
25.50	NaN	NaN	NaN	NaN	NaN	NaN	NaN	NaN	22000.00	1155.00
30.50	NaN	NaN	NaN	NaN	NaN	NaN	NaN	NaN	21370.00	1639.00
40.50	NaN	NaN	NaN	NaN	NaN	NaN	NaN	NaN	NaN	2070.00
0.00	0.00	5.90	NaN	NaN	0.80	67.70	0.00	NaN	NaN	NaN
0.13	49.30	75.20	NaN	NaN	55.00	93.10	8.90	27.40	NaN	NaN
0.38	62.80	105.80	NaN	NaN	53.40	97.40	9.90	11.10	NaN	NaN
0.75	56.10	125.10	NaN	NaN	38.40	92.40	8.90	1.90	NaN	NaN
1.25	51.20	144.40	NaN	NaN	27.10	89.30	7.40	1.30	NaN	NaN
1.75	49.30	165.30	NaN	NaN	15.90	78.90	4.50	NaN	NaN	NaN
2.25	51.20	186.20	NaN	NaN	5.20	74.30	1.60	NaN	NaN	NaN
2.75	54.10	210.40	NaN	NaN	1.20	69.30	0.60	NaN	NaN	NaN
3.50	56.10	247.40	NaN	NaN	0.70	69.30	1.10	NaN	NaN	NaN
4.50	58.00	279.50	NaN	NaN	0.50	67.70	1.60	NaN	NaN	NaN
5.50	57.00	318.10	NaN	NaN	0.70	64.60	1.60	NaN	NaN	NaN
6.50	66.70	356.60	NaN	NaN	0.60	66.60	2.10	NaN	NaN	NaN
8.50	69.60	414.30	NaN	NaN	0.10	61.90	2.10	NaN	NaN	NaN
11.50	74.40	478.60	NaN	NaN	0.50	58.50	3.50	NaN	NaN	NaN
15.50	84.10	655.60	NaN	NaN	0.10	54.60	2.60	NaN	NaN	NaN
20.50	87.00	787.50	NaN	NaN	0.10	55.00	6.00	NaN	NaN	NaN
25.50	85.00	893.60	NaN	NaN	0.90	55.00	6.50	NaN	NaN	NaN
30.50	85.00	1022.30	NaN	NaN	0.90	53.90	5.00	NaN	NaN	NaN
40.50	83.10	1237.90	NaN	NaN	0.50	49.60	6.00	NaN	NaN	NaN
50.50	84.10	1511.30	NaN	NaN	0.70	49.60	6.00	NaN	NaN	NaN
0.00	0.00	4.90	7.68	2480.00	3.30	72.80	0.40	NaN	NaN	NaN
0.13	55.00	63.60	7.56	3040.00	0.40	72.80	4.70	NaN	NaN	NaN
0.38	55.00	86.70	7.62	3310.00	45.70	73.50	5.70	NaN	NaN	NaN
0.75	45.00	108.50	7.71	3430.00	37.00	74.20	4.70	NaN	NaN	0.40
1.25	35.00	139.70	7.79	3740.00	21.40	69.80	4.00	NaN	NaN	0.00
1.75	31.00	171.00	7.86	4100.00	13.70	64.40	3.00	NaN	NaN	0.30
2.25	36.00	207.70	7.88	4470.00	13.60	65.60	3.00	NaN	NaN	0.30
2.75	38.00	241.70	7.99	4940.00	6.70	64.40	2.10	NaN	NaN	0.20
3.50	48.00	274.30	7.95	5150.00	7.70	63.40	2.40	NaN	NaN	0.20
4.50	57.00	312.40	7.99	5560.00	5.00	61.90	1.70	NaN	NaN	1.30
5.50	67.00	349.10	8.06	5770.00	1.10	58.10	1.40	NaN	NaN	18.60
6.50	64.00	376.20	8.05	6270.00	0.20	55.40	1.10	NaN	NaN	56.50
8.50	68.00	390.90	8.02	6770.00	0.20	52.00	1.10	NaN	NaN	121.40
11.50	81.10	477.90	7.99	7560.00	0.20	52.70	1.70	NaN	NaN	240.00
15.50	84.10	586.60	7.96	8960.00	0.20	52.00	2.10	NaN	NaN	478.50
20.50	93.10	690.00	7.98	10410.00	0.20	51.70	2.10	NaN	NaN	711.50
25.50	86.10	776.90	8.00	11880.00	0.20	49.40	1.70	NaN	NaN	1019.00
30.50	91.10	866.70	8.05	13210.00	0.20	51.70	1.70	NaN	NaN	1260.00
40.50	87.10	953.70	7.99	14580.00	0.20	50.50	2.10	NaN	NaN	1562.00
50.50	92.10	1119.50	8.04	16880.00	0.20	47.80	2.10	NaN	NaN	1900.00
0.13	NaN	50.10	7.86	3090.00	22.20	75.30	NaN	95.60	25300.00	1.30
0.38	NaN	71.90	7.91	3050.00	14.90	70.40	NaN	5.70	25300.00	2.80
0.63	NaN	93.70	7.92	3080.00	20.10	71.30	NaN	4.40	25700.00	4.00
0.88	NaN	113.90	7.95	3660.00	15.90	74.20	NaN	3.00	25300.00	6.20
1.25	NaN	148.10	7.94	4160.00	17.00	69.40	NaN	1.90	25500.00	7.40
1.75	NaN	187.00	7.96	4430.00	17.50	65.90	NaN	1.60	25100.00	6.30
2.25	NaN	219.60	NaN	4770.00	15.90	64.30	NaN	1.30	25800.00	5.10
2.75	NaN	244.50	8.04	4880.00	10.30	63.70	NaN	0.50	24700.00	5.50
3.50	NaN	281.80	8.06	5140.00	2.40	55.00	NaN	NaN	25000.00	35.40
4.50	NaN	323.80	NaN	5780.00	0.30	57.60	NaN	NaN	24000.00	92.00
5.50	NaN	350.20	8.10	5870.00	0.40	53.40	NaN	NaN	23200.00	160.30
6.50	NaN	386.00	8.12	6210.00	0.10	52.80	NaN	NaN	24400.00	189.90
8.50	NaN	429.90	8.11	6820.00	0.00	48.30	NaN	NaN	23900.00	253.60
11.50	NaN	509.00	8.10	7340.00	0.40	51.20	NaN	NaN	23000.00	419.30
15.50	NaN	610.20	8.10	8690.00	0.10	49.90	NaN	NaN	22900.00	538.60
20.50	NaN	747.00	8.10	9390.00	0.10	45.50	NaN	NaN	21400.00	812.70
25.50	NaN	883.90	8.11	10660.00	0.00	42.90	NaN	NaN	20600.00	1412.90
30.50	NaN	995.80	8.09	11580.00	0.30	45.80	NaN	NaN	19500.00	1752.20
40.50	NaN	1229.00	8.12	13550.00	0.40	45.20	NaN	NaN	17800.00	2423.00
50.50	NaN	1440.40	8.11	16090.00	0.50	42.00	NaN	NaN	16100.00	2162.00
0.13	NaN	52.00	7.87	2970.00	12.30	70.30	NaN	35.90	26100.00	1.10
0.38	NaN	54.90	7.92	2680.00	11.20	70.80	NaN	10.50	26400.00	1.70
0.63	NaN	82.80	7.94	3530.00	14.40	66.90	NaN	6.90	26600.00	3.30
0.88	NaN	90.10	7.96	3790.00	17.50	68.10	NaN	5.30	26200.00	6.50
1.25	NaN	128.30	7.96	4250.00	11.70	59.50	NaN	3.00	25800.00	11.00
1.75	NaN	187.00	8.00	4830.00	4.20	57.00	NaN	2.70	25700.00	30.00
2.25	NaN	182.60	8.02	4750.00	3.60	63.00	NaN	1.10	25900.00	27.10
2.75	NaN	207.50	8.03	5140.00	1.40	59.20	NaN	NaN	25900.00	74.40
3.50	NaN	238.40	8.04	5390.00	0.40	53.40	NaN	NaN	25400.00	126.90
4.50	NaN	275.10	7.96	5680.00	0.00	56.60	NaN	NaN	25100.00	147.60
5.50	NaN	310.30	8.04	6070.00	0.00	51.50	NaN	NaN	25000.00	261.40
6.50	NaN	336.70	8.06	6220.00	0.00	56.30	NaN	NaN	24700.00	280.50
8.50	NaN	379.90	8.08	6820.00	0.00	52.50	NaN	NaN	24200.00	391.90
11.50	NaN	456.20	8.08	7400.00	0.20	49.00	NaN	NaN	23700.00	654.20
15.50	NaN	538.40	8.09	8200.00	0.30	52.20	NaN	NaN	23100.00	913.40
20.50	NaN	632.30	8.15	9660.00	0.00	48.00	NaN	NaN	22000.00	1042.00
25.50	NaN	787.90	8.11	10740.00	0.00	49.60	NaN	NaN	20800.00	1427.80
30.50	NaN	861.30	8.11	11720.00	0.00	44.50	NaN	NaN	19900.00	1979.70
40.50	NaN	1087.40	8.13	13750.00	0.20	45.20	NaN	NaN	18200.00	2564.80
50.50	NaN	1284.10	8.14	15200.00	0.10	44.50	NaN	NaN	16000.00	2490.20
0.13	NaN	NaN	NaN	NaN	NaN	70.07	NaN	NaN	NaN	NaN
0.38	54.00	162.00	NaN	3180.00	NaN	68.67	NaN	NaN	NaN	NaN
0.63	62.00	NaN	NaN	NaN	NaN	64.53	NaN	NaN	NaN	NaN
0.88	72.00	220.00	NaN	3560.00	NaN	81.06	NaN	NaN	NaN	NaN
1.25	79.00	260.00	NaN	3920.00	NaN	62.11	NaN	NaN	NaN	NaN
1.75	59.00	249.00	NaN	4670.00	NaN	63.31	NaN	NaN	NaN	NaN
2.25	68.00	271.00	NaN	4970.00	NaN	63.48	NaN	NaN	NaN	NaN
2.75	60.00	264.00	NaN	5160.00	NaN	64.35	NaN	NaN	NaN	NaN
3.50	60.00	316.00	NaN	5980.00	NaN	58.07	NaN	NaN	NaN	NaN
4.50	69.00	361.00	NaN	5870.00	NaN	55.79	NaN	NaN	NaN	NaN
5.50	75.00	376.00	NaN	6360.00	NaN	50.99	NaN	NaN	NaN	NaN
6.50	69.00	409.00	NaN	6670.00	NaN	50.98	NaN	NaN	NaN	NaN
7.50	71.00	441.00	NaN	7220.00	NaN	47.57	NaN	NaN	NaN	NaN
8.50	78.00	474.00	NaN	7290.00	NaN	51.08	NaN	NaN	NaN	NaN
11.50	75.00	556.00	NaN	8070.00	NaN	49.47	NaN	NaN	NaN	NaN
15.50	79.00	676.00	NaN	9230.00	NaN	47.14	NaN	NaN	NaN	NaN
20.50	81.00	779.00	NaN	9310.00	NaN	49.90	NaN	NaN	NaN	NaN
25.50	87.00	874.00	NaN	11240.00	NaN	45.61	NaN	NaN	NaN	NaN
30.50	88.00	961.00	NaN	12270.00	NaN	44.00	NaN	NaN	NaN	NaN
35.50	99.00	1062.00	NaN	13480.00	NaN	41.56	NaN	NaN	NaN	NaN
40.50	97.00	1161.00	NaN	14750.00	NaN	39.47	NaN	NaN	NaN	NaN
45.50	104.00	1284.00	NaN	15630.00	NaN	39.44	NaN	NaN	NaN	NaN
50.50	108.00	1367.00	NaN	16990.00	NaN	36.71	NaN	NaN	NaN	NaN
55.50	117.00	1488.00	NaN	18460.00	NaN	36.09	NaN	NaN	NaN	NaN
60.50	126.00	1527.00	NaN	20060.00	NaN	34.66	NaN	NaN	NaN	NaN
65.50	NaN	1593.00	NaN	21390.00	NaN	31.06	NaN	NaN	NaN	NaN
70.50	148.00	1737.00	NaN	22980.00	NaN	29.47	NaN	NaN	NaN	NaN
0.13	NaN	112.00	NaN	NaN	NaN	NaN	NaN	NaN	NaN	NaN
0.38	NaN	NaN	NaN	NaN	NaN	NaN	NaN	NaN	NaN	NaN
0.63	NaN	160.00	NaN	NaN	NaN	NaN	NaN	NaN	NaN	NaN
0.88	NaN	NaN	NaN	NaN	NaN	NaN	NaN	NaN	NaN	NaN
1.25	NaN	212.00	NaN	NaN	NaN	NaN	NaN	NaN	NaN	NaN
1.75	NaN	196.00	NaN	NaN	NaN	NaN	NaN	NaN	NaN	NaN
2.25	NaN	209.00	NaN	NaN	NaN	NaN	NaN	NaN	NaN	NaN
2.75	NaN	221.00	NaN	NaN	NaN	NaN	NaN	NaN	NaN	NaN
3.50	NaN	237.00	NaN	NaN	NaN	NaN	NaN	NaN	NaN	NaN
4.50	NaN	296.00	NaN	NaN	NaN	NaN	NaN	NaN	NaN	NaN
5.50	NaN	351.00	NaN	NaN	NaN	NaN	NaN	NaN	NaN	NaN
6.50	NaN	361.00	NaN	NaN	NaN	NaN	NaN	NaN	NaN	NaN
7.50	NaN	384.00	NaN	NaN	NaN	NaN	NaN	NaN	NaN	NaN
8.50	NaN	395.00	NaN	NaN	NaN	NaN	NaN	NaN	NaN	NaN
11.50	NaN	487.00	NaN	NaN	NaN	NaN	NaN	NaN	NaN	NaN
15.50	NaN	606.00	NaN	NaN	NaN	NaN	NaN	NaN	NaN	NaN
20.50	NaN	733.00	NaN	NaN	NaN	NaN	NaN	NaN	NaN	NaN
25.50	NaN	815.00	NaN	NaN	NaN	NaN	NaN	NaN	NaN	NaN
30.50	NaN	900.00	NaN	NaN	NaN	NaN	NaN	NaN	NaN	NaN
35.50	NaN	988.00	NaN	NaN	NaN	NaN	NaN	NaN	NaN	NaN
40.50	NaN	1183.00	NaN	NaN	NaN	NaN	NaN	NaN	NaN	NaN
45.50	NaN	1255.00	NaN	NaN	NaN	NaN	NaN	NaN	NaN	NaN
50.50	NaN	1339.00	NaN	NaN	NaN	NaN	NaN	NaN	NaN	NaN
55.50	NaN	1400.00	NaN	NaN	NaN	NaN	NaN	NaN	NaN	NaN
60.50	NaN	1343.00	NaN	NaN	NaN	NaN	NaN	NaN	NaN	NaN
65.50	NaN	NaN	NaN	NaN	NaN	NaN	NaN	NaN	NaN	NaN
70.50	NaN	NaN	NaN	NaN	NaN	NaN	NaN	NaN	NaN	NaN
0.00	NaN	5.06	NaN	NaN	NaN	NaN	NaN	NaN	NaN	NaN
0.13	30.50	107.00	NaN	NaN	NaN	NaN	NaN	NaN	NaN	NaN
0.38	43.60	119.00	NaN	NaN	NaN	NaN	NaN	NaN	NaN	NaN
0.63	38.60	104.00	NaN	NaN	NaN	NaN	NaN	NaN	NaN	NaN
0.88	41.20	141.00	NaN	NaN	NaN	NaN	NaN	NaN	NaN	NaN
1.13	38.00	141.00	NaN	NaN	NaN	NaN	NaN	NaN	NaN	NaN
1.38	38.20	156.00	NaN	NaN	NaN	NaN	NaN	NaN	NaN	NaN
1.63	48.30	162.00	NaN	NaN	NaN	NaN	NaN	NaN	NaN	NaN
1.88	51.80	178.00	NaN	NaN	NaN	NaN	NaN	NaN	NaN	NaN
2.25	58.20	192.00	NaN	NaN	NaN	NaN	NaN	NaN	NaN	0.85
2.75	60.00	216.00	NaN	NaN	NaN	NaN	NaN	NaN	NaN	1.20
3.25	63.10	231.00	NaN	NaN	NaN	NaN	NaN	NaN	NaN	8.54
3.75	65.10	253.00	NaN	NaN	NaN	NaN	NaN	NaN	NaN	14.30
4.50	70.50	275.00	NaN	NaN	NaN	NaN	NaN	NaN	NaN	38.70
5.50	74.30	316.00	NaN	NaN	NaN	NaN	NaN	NaN	NaN	59.20
6.50	88.20	365.00	NaN	NaN	NaN	NaN	NaN	NaN	NaN	122.00
7.50	78.80	390.00	NaN	NaN	NaN	NaN	NaN	NaN	NaN	126.00
8.50	80.10	423.00	NaN	NaN	NaN	NaN	NaN	NaN	NaN	129.00
9.50	81.70	440.00	NaN	NaN	NaN	NaN	NaN	NaN	NaN	224.00
12.50	83.50	526.00	NaN	NaN	NaN	NaN	NaN	NaN	NaN	283.00
16.50	85.80	612.00	NaN	NaN	NaN	NaN	NaN	NaN	NaN	437.00
0.00	NaN	5.40	NaN	NaN	NaN	NaN	NaN	30.00	NaN	NaN
0.13	28.80	112.40	NaN	NaN	NaN	NaN	NaN	75.00	NaN	NaN
0.38	47.90	137.12	NaN	NaN	NaN	NaN	NaN	54.00	NaN	NaN
0.63	50.10	121.75	NaN	NaN	NaN	NaN	NaN	40.00	NaN	NaN
0.88	48.50	118.00	NaN	NaN	NaN	NaN	NaN	NaN	NaN	NaN
1.13	44.70	117.29	NaN	NaN	NaN	NaN	NaN	21.00	NaN	NaN
1.38	38.70	108.40	NaN	NaN	NaN	NaN	NaN	15.00	NaN	NaN
1.63	35.10	180.16	NaN	NaN	NaN	NaN	NaN	7.00	NaN	NaN
1.88	40.60	146.37	NaN	NaN	NaN	NaN	NaN	3.00	NaN	NaN
2.25	44.10	176.77	NaN	NaN	NaN	NaN	NaN	0.00	NaN	2.65
2.75	56.80	223.90	NaN	NaN	NaN	NaN	NaN	0.00	NaN	20.22
3.25	42.80	207.20	NaN	NaN	NaN	NaN	NaN	NaN	NaN	0.26
4.50	64.10	239.60	NaN	NaN	NaN	NaN	NaN	NaN	NaN	162.81
5.50	66.60	278.55	NaN	NaN	NaN	NaN	NaN	NaN	NaN	181.81
6.50	70.70	290.10	NaN	NaN	NaN	NaN	NaN	NaN	NaN	186.88
7.50	72.10	349.60	NaN	NaN	NaN	NaN	NaN	NaN	NaN	209.68
8.50	73.50	356.20	NaN	NaN	NaN	NaN	NaN	NaN	NaN	246.42
9.50	75.40	410.40	NaN	NaN	NaN	NaN	NaN	NaN	NaN	274.29
15.50	85.30	554.50	NaN	NaN	NaN	NaN	NaN	NaN	NaN	647.39

